contractSymbol,lastTradeDate,strike,lastPrice,bid,ask,change,percentChange,volume,openInterest,impliedVolatility,inTheMoney,contractSize,currency,type
QQQ260227C00395000,2026-01-15 19:35:10+00:00,395.0,230.0,238.06,242.35,0.0,0.0,,6,0.9101571484375,True,REGULAR,USD,call
QQQ260227C00400000,2026-01-02 16:25:47+00:00,400.0,215.1,233.09,237.9,0.0,0.0,5.0,0,0.9123543920898438,True,REGULAR,USD,call
QQQ260227C00440000,2026-01-08 16:36:38+00:00,440.0,180.97,193.28,198.0,0.0,0.0,3.0,4,0.7585473364257813,True,REGULAR,USD,call
QQQ260227C00445000,2026-01-23 16:32:42+00:00,445.0,180.83,188.5,192.6,0.0,0.0,1.0,1,0.7331569653320311,True,REGULAR,USD,call
QQQ260227C00450000,2026-01-20 17:05:56+00:00,450.0,166.51,183.5,187.63,0.0,0.0,1.0,1,0.7147245324707032,True,REGULAR,USD,call
QQQ260227C00455000,2025-12-23 19:06:11+00:00,455.0,170.33,178.5,182.66,0.0,0.0,2.0,2,0.6962920996093751,True,REGULAR,USD,call
QQQ260227C00460000,2026-01-28 18:07:30+00:00,460.0,174.5,173.5,177.69,11.539993,7.0814877,2.0,12,0.6781038049316408,True,REGULAR,USD,call
QQQ260227C00465000,2025-11-25 18:17:48+00:00,465.0,149.11,160.12,163.91,0.0,0.0,2.0,1,1.0000000000000003e-05,True,REGULAR,USD,call
QQQ260227C00470000,2026-01-28 15:17:36+00:00,470.0,167.02,163.5,167.73,16.630005,11.0579195,1.0,8,0.6413610083007812,True,REGULAR,USD,call
QQQ260227C00475000,2026-01-21 20:23:47+00:00,475.0,145.35,158.5,162.77,0.0,0.0,4.0,15,0.6236609899902343,True,REGULAR,USD,call
QQQ260227C00480000,2025-12-12 20:59:17+00:00,480.0,138.87,153.51,157.81,0.0,0.0,17.0,17,0.6064492480468751,True,REGULAR,USD,call
QQQ260227C00485000,2026-01-20 17:45:01+00:00,485.0,130.09,148.55,153.37,0.0,0.0,2.0,6,0.6030313134765627,True,REGULAR,USD,call
QQQ260227C00490000,2026-01-22 16:50:38+00:00,490.0,133.7,143.59,148.41,0.0,0.0,1.0,8,0.5861857788085938,True,REGULAR,USD,call
QQQ260227C00495000,2026-01-13 19:15:17+00:00,495.0,132.59,138.63,143.18,0.0,0.0,3.0,7,0.5630536859130859,True,REGULAR,USD,call
QQQ260227C00500000,2026-01-28 17:44:52+00:00,500.0,134.69,133.68,138.21,6.720001,5.2512317,1.0,237,0.5463912548828126,True,REGULAR,USD,call
QQQ260227C00505000,2026-01-15 18:14:04+00:00,505.0,123.68,128.72,133.04,0.0,0.0,1.0,23,0.5250291638183593,True,REGULAR,USD,call
QQQ260227C00510000,2026-01-26 19:13:04+00:00,510.0,119.38,124.0,128.09,0.0,0.0,2.0,29,0.5140429455566407,True,REGULAR,USD,call
QQQ260227C00515000,2026-01-26 19:34:32+00:00,515.0,114.2,119.0,123.15,0.0,0.0,2.0,14,0.5725750750732423,True,REGULAR,USD,call
QQQ260227C00520000,2026-01-26 19:35:15+00:00,520.0,109.31,114.0,118.25,0.0,0.0,1.0,9,0.5556074713134767,True,REGULAR,USD,call
QQQ260227C00525000,2026-01-06 18:01:41+00:00,525.0,101.5,109.0,113.28,0.0,0.0,3.0,4,0.5363815893554689,True,REGULAR,USD,call
QQQ260227C00530000,2026-01-26 19:36:26+00:00,530.0,99.53,104.05,108.87,0.0,0.0,1.0,12,0.5335129656982422,True,REGULAR,USD,call
QQQ260227C00535000,2026-01-21 19:41:14+00:00,535.0,85.94,99.14,103.42,0.0,0.0,14.0,21,0.5002491381835938,True,REGULAR,USD,call
QQQ260227C00540000,2026-01-21 16:59:18+00:00,540.0,75.11,94.24,98.57,0.0,0.0,1.0,19,0.48431912170410163,True,REGULAR,USD,call
QQQ260227C00541000,2026-01-05 20:41:20+00:00,541.0,82.3,93.5,97.6,0.0,0.0,,1,0.48114532531738285,True,REGULAR,USD,call
QQQ260227C00542000,2025-12-17 20:52:30+00:00,542.0,68.8,92.5,96.62,0.0,0.0,2.0,3,0.4776053216552735,True,REGULAR,USD,call
QQQ260227C00545000,2026-01-15 18:45:20+00:00,545.0,85.06,89.5,93.72,0.0,0.0,1.0,23,0.46820600158691406,True,REGULAR,USD,call
QQQ260227C00546000,2025-12-19 16:44:33+00:00,546.0,78.11,88.5,92.79,0.0,0.0,1.0,4,0.4660087579345704,True,REGULAR,USD,call
QQQ260227C00547000,2025-12-16 20:23:13+00:00,547.0,73.35,87.5,91.75,0.0,0.0,,1,0.4608818560791016,True,REGULAR,USD,call
QQQ260227C00548000,2026-01-12 14:59:41+00:00,548.0,82.77,86.5,90.76,0.0,0.0,3.0,5,0.45703667968750006,True,REGULAR,USD,call
QQQ260227C00549000,2026-01-12 15:03:48+00:00,549.0,81.31,85.5,89.76,0.0,0.0,2.0,6,0.45300839965820316,True,REGULAR,USD,call
QQQ260227C00550000,2026-01-28 15:28:38+00:00,550.0,87.7,84.5,88.8,14.5,19.808744,6.0,21,0.44995667236328124,True,REGULAR,USD,call
QQQ260227C00551000,2026-01-23 15:02:13+00:00,551.0,74.4,83.52,87.85,0.0,0.0,2.0,3,0.4472101177978516,True,REGULAR,USD,call
QQQ260227C00552000,2026-01-05 19:08:02+00:00,552.0,72.55,82.55,86.88,0.0,0.0,2.0,4,0.44385321777343745,True,REGULAR,USD,call
QQQ260227C00553000,2026-01-20 20:00:17+00:00,553.0,62.17,81.58,85.91,0.0,0.0,2.0,2,0.4405573522949219,True,REGULAR,USD,call
QQQ260227C00555000,2026-01-28 15:57:55+00:00,555.0,81.75,79.64,83.98,16.449997,25.19142,1.0,15,0.434148724975586,True,REGULAR,USD,call
QQQ260227C00556000,2026-01-20 15:57:54+00:00,556.0,62.63,78.67,83.03,0.0,0.0,1.0,3,0.4312801013183594,True,REGULAR,USD,call
QQQ260227C00558000,2025-12-08 15:50:51+00:00,558.0,77.37,76.74,81.1,0.0,0.0,,3,0.4247799221801758,True,REGULAR,USD,call
QQQ260227C00559000,2026-01-14 14:41:42+00:00,559.0,68.18,76.0,80.14,0.0,0.0,,1,0.42163664306640625,True,REGULAR,USD,call
QQQ260227C00560000,2026-01-28 16:29:06+00:00,560.0,77.02,75.0,79.18,14.459995,23.113802,1.0,32,0.4184628466796875,True,REGULAR,USD,call
QQQ260227C00561000,2025-12-23 20:26:20+00:00,561.0,69.28,74.0,78.22,0.0,0.0,6.0,6,0.41528905029296875,True,REGULAR,USD,call
QQQ260227C00562000,2026-01-20 18:42:27+00:00,562.0,55.2,73.0,77.29,0.0,0.0,1.0,2,0.4127866339111328,True,REGULAR,USD,call
QQQ260227C00564000,2026-01-13 18:52:09+00:00,564.0,66.6,71.0,75.33,0.0,0.0,,1,0.4054014538574219,True,REGULAR,USD,call
QQQ260227C00565000,2026-01-20 14:42:21+00:00,565.0,54.22,70.03,74.38,0.0,0.0,2.0,58,0.40241076110839846,True,REGULAR,USD,call
QQQ260227C00566000,2026-01-21 17:33:05+00:00,566.0,50.64,69.07,73.43,0.0,0.0,1.0,8,0.3993895510864258,True,REGULAR,USD,call
QQQ260227C00567000,2026-01-16 16:31:48+00:00,567.0,61.1,68.12,72.48,0.0,0.0,1.0,6,0.3963683410644532,True,REGULAR,USD,call
QQQ260227C00568000,2026-01-15 17:56:30+00:00,568.0,63.0,67.17,71.54,0.0,0.0,2.0,2,0.39349971740722656,True,REGULAR,USD,call
QQQ260227C00569000,2026-01-02 20:42:07+00:00,569.0,53.22,66.22,70.59,0.0,0.0,2.0,1,0.39041747283935546,True,REGULAR,USD,call
QQQ260227C00570000,2026-01-28 20:51:09+00:00,570.0,66.8,65.27,69.65,9.290005,16.15372,10.0,103,0.38754884918212884,True,REGULAR,USD,call
QQQ260227C00571000,2026-01-23 17:55:43+00:00,571.0,56.25,64.5,68.73,0.0,0.0,1.0,16,0.38507695007324216,True,REGULAR,USD,call
QQQ260227C00572000,2026-01-15 18:36:00+00:00,572.0,60.12,63.5,67.73,0.0,0.0,4.0,11,0.3808350491333008,True,REGULAR,USD,call
QQQ260227C00573000,2026-01-26 20:59:42+00:00,573.0,57.1,62.5,66.73,0.0,0.0,2.0,41,0.3765931481933594,True,REGULAR,USD,call
QQQ260227C00574000,2026-01-15 16:54:08+00:00,574.0,58.5,61.5,65.79,0.0,0.0,4.0,4,0.37363297271728513,True,REGULAR,USD,call
QQQ260227C00575000,2026-01-28 20:28:42+00:00,575.0,62.83,60.55,64.95,6.2300034,11.007074,2.0,18,0.372778489074707,True,REGULAR,USD,call
QQQ260227C00576000,2026-01-09 16:50:55+00:00,576.0,56.79,59.61,64.0,0.0,0.0,1.0,7,0.3695436581420898,True,REGULAR,USD,call
QQQ260227C00577000,2026-01-20 18:06:51+00:00,577.0,43.71,58.67,63.07,0.0,0.0,3.0,25,0.3667055517578125,True,REGULAR,USD,call
QQQ260227C00578000,2026-01-26 20:04:22+00:00,578.0,53.27,57.74,62.14,0.0,0.0,6.0,7,0.363836928100586,True,REGULAR,USD,call
QQQ260227C00579000,2026-01-28 20:25:42+00:00,579.0,59.44,57.0,61.21,8.539997,16.77799,1.0,10,0.36093778717041014,True,REGULAR,USD,call
QQQ260227C00580000,2026-01-28 20:51:09+00:00,580.0,57.58,56.0,60.19,1.9100037,3.430939,10.0,93,0.3562076098632812,True,REGULAR,USD,call
QQQ260227C00581000,2025-12-05 14:43:13+00:00,581.0,58.56,55.0,59.27,0.0,0.0,3.0,5,0.35346105529785155,True,REGULAR,USD,call
QQQ260227C00582000,2026-01-13 15:21:35+00:00,582.0,50.6,54.02,58.5,0.0,0.0,1.0,6,0.353674676208496,True,REGULAR,USD,call
QQQ260227C00583000,2026-01-22 16:21:52+00:00,583.0,44.75,53.1,57.51,0.0,0.0,4.0,4,0.3494938098144531,True,REGULAR,USD,call
QQQ260227C00584000,2026-01-21 18:39:18+00:00,584.0,36.28,52.18,56.6,0.0,0.0,1.0,5,0.34683880706787107,True,REGULAR,USD,call
QQQ260227C00585000,2026-01-26 16:46:48+00:00,585.0,47.5,51.26,55.68,0.0,0.0,13.0,370,0.34393966613769533,True,REGULAR,USD,call
QQQ260227C00586000,2026-01-22 15:10:48+00:00,586.0,40.15,50.5,54.75,0.0,0.0,2.0,9,0.34085742156982424,True,REGULAR,USD,call
QQQ260227C00587000,2026-01-27 17:27:55+00:00,587.0,49.35,49.5,53.77,0.0,0.0,1.0,8,0.3367681069946289,True,REGULAR,USD,call
QQQ260227C00588000,2026-01-27 16:19:05+00:00,588.0,48.93,48.52,52.98,0.0,0.0,1.0,25,0.33624931335449215,True,REGULAR,USD,call
QQQ260227C00589000,2026-01-21 20:50:00+00:00,589.0,36.28,47.61,52.05,0.0,0.0,6.0,45,0.3330755169677735,True,REGULAR,USD,call
QQQ260227C00590000,2026-01-28 14:59:09+00:00,590.0,48.45,46.71,51.14,1.920002,4.1263742,12.0,160,0.33020689331054687,True,REGULAR,USD,call
QQQ260227C00591000,2026-01-28 19:36:15+00:00,591.0,47.53,46.0,50.17,9.119999,23.743814,2.0,39,0.32617861328125,True,REGULAR,USD,call
QQQ260227C00592000,2026-01-27 14:34:34+00:00,592.0,42.75,45.0,49.23,0.0,0.0,1.0,19,0.32273016143798816,True,REGULAR,USD,call
QQQ260227C00593000,2026-01-27 19:32:39+00:00,593.0,44.21,44.01,48.49,0.0,0.0,1.0,53,0.32282171325683584,True,REGULAR,USD,call
QQQ260227C00594000,2026-01-23 16:59:53+00:00,594.0,37.81,43.12,47.47,0.0,0.0,5.0,40,0.31784739776611326,True,REGULAR,USD,call
QQQ260227C00595000,2026-01-28 19:41:40+00:00,595.0,43.62,42.23,46.33,4.6899986,12.047261,24.0,270,0.31073687316894527,True,REGULAR,USD,call
QQQ260227C00596000,2026-01-26 16:49:52+00:00,596.0,37.66,41.5,45.72,0.0,0.0,4.0,44,0.312934116821289,True,REGULAR,USD,call
QQQ260227C00597000,2026-01-23 16:59:53+00:00,597.0,35.27,40.5,44.79,0.0,0.0,5.0,46,0.3094551477050781,True,REGULAR,USD,call
QQQ260227C00598000,2026-01-26 17:29:00+00:00,598.0,36.54,39.58,43.96,0.0,0.0,2.0,11,0.3076546286010742,True,REGULAR,USD,call
QQQ260227C00599000,2026-01-28 19:36:09+00:00,599.0,40.54,38.71,43.01,9.150002,29.149416,2.0,28,0.3037789349365234,True,REGULAR,USD,call
QQQ260227C00600000,2026-01-28 20:26:59+00:00,600.0,40.11,38.0,42.29,1.8400002,4.807944,3.0,582,0.30371790039062496,True,REGULAR,USD,call
QQQ260227C00601000,2026-01-23 19:58:16+00:00,601.0,31.14,37.0,41.5,0.0,0.0,1.0,23,0.30240565765380856,True,REGULAR,USD,call
QQQ260227C00602000,2026-01-23 19:00:30+00:00,602.0,40.52,36.1,40.41,10.27,33.950413,1.0,56,0.2960580648803711,True,REGULAR,USD,call
QQQ260227C00603000,2026-01-23 19:58:16+00:00,603.0,29.56,35.25,39.55,0.0,0.0,4.0,50,0.2934640966796874,True,REGULAR,USD,call
QQQ260227C00604000,2026-01-28 14:54:40+00:00,604.0,38.97,34.5,38.7,4.2400017,12.20847,17.0,100,0.2910227148437499,True,REGULAR,USD,call
QQQ260227C00605000,2026-01-28 17:01:52+00:00,605.0,35.14,33.54,37.79,1.6899986,5.052313,17.0,624,0.2875132284545897,True,REGULAR,USD,call
QQQ260227C00606000,2026-01-26 15:45:01+00:00,606.0,28.57,32.7,37.02,0.0,0.0,1.0,33,0.28623150299072264,True,REGULAR,USD,call
QQQ260227C00607000,2026-01-27 20:16:19+00:00,607.0,35.74,32.0,36.19,3.1000023,9.497557,1.0,80,0.283912190246582,True,REGULAR,USD,call
QQQ260227C00608000,2026-01-26 15:28:48+00:00,608.0,27.03,31.02,35.35,0.0,0.0,2.0,98,0.28134873931884763,True,REGULAR,USD,call
QQQ260227C00609000,2026-01-28 15:45:23+00:00,609.0,32.89,30.19,34.53,2.9399986,9.816357,8.0,216,0.2790599438476562,True,REGULAR,USD,call
QQQ260227C00610000,2026-01-28 16:33:03+00:00,610.0,31.62,29.5,33.3,2.0500011,6.9327064,24.0,946,0.27033200378417965,True,REGULAR,USD,call
QQQ260227C00611000,2026-01-28 16:36:00+00:00,611.0,30.67,28.55,32.88,2.040001,7.1253963,3.0,153,0.2740856283569336,True,REGULAR,USD,call
QQQ260227C00612000,2026-01-28 18:13:35+00:00,612.0,29.73,30.1,30.35,1.3599987,4.793792,1.0,696,0.24536887451171874,True,REGULAR,USD,call
QQQ260227C00613000,2026-01-28 17:11:33+00:00,613.0,28.98,29.3,29.54,2.6299992,9.981021,2.0,235,0.243171630859375,True,REGULAR,USD,call
QQQ260227C00614000,2026-01-28 16:39:21+00:00,614.0,28.27,28.5,28.74,1.8700008,7.083337,3.0,321,0.2410354217529297,True,REGULAR,USD,call
QQQ260227C00615000,2026-01-28 20:55:39+00:00,615.0,27.66,27.7,27.95,1.9300003,7.5009727,49.0,2263,0.2389602471923828,True,REGULAR,USD,call
QQQ260227C00616000,2026-01-28 20:58:34+00:00,616.0,26.91,26.92,27.16,1.6700001,6.616482,11.0,158,0.23679352081298827,True,REGULAR,USD,call
QQQ260227C00617000,2026-01-28 15:38:46+00:00,617.0,27.2,26.14,26.38,3.0500011,12.629405,2.0,326,0.23471834625244142,True,REGULAR,USD,call
QQQ260227C00618000,2026-01-28 18:55:08+00:00,618.0,25.27,25.36,25.6,1.5300007,6.4448214,14.0,357,0.23252110260009767,True,REGULAR,USD,call
QQQ260227C00619000,2026-01-28 20:29:01+00:00,619.0,24.6,24.6,24.83,1.8600006,8.179422,3.0,909,0.23038489349365232,True,REGULAR,USD,call
QQQ260227C00620000,2026-01-28 21:11:54+00:00,620.0,23.5,23.85,24.07,1.2999992,5.855852,145.0,2268,0.22827920166015625,True,REGULAR,USD,call
QQQ260227C00621000,2026-01-28 15:20:13+00:00,621.0,24.45,23.08,23.32,4.450001,22.250004,7.0,252,0.22623454437255858,True,REGULAR,USD,call
QQQ260227C00622000,2026-01-28 20:03:39+00:00,622.0,22.43,22.34,22.57,1.8000011,8.725163,38.0,370,0.22409833526611322,True,REGULAR,USD,call
QQQ260227C00623000,2026-01-28 21:00:47+00:00,623.0,20.23,21.6,21.84,0.39999962,2.0171437,14.0,344,0.222114712524414,True,REGULAR,USD,call
QQQ260227C00624000,2026-01-28 21:02:26+00:00,624.0,19.02,20.88,21.11,-0.069999695,-0.36668253,10.0,544,0.22003953796386716,True,REGULAR,USD,call
QQQ260227C00625000,2026-01-28 21:14:37+00:00,625.0,20.05,20.17,20.39,1.25,6.6489363,53.0,1735,0.2179948806762695,True,REGULAR,USD,call
QQQ260227C00626000,2026-01-28 16:46:53+00:00,626.0,19.1,19.45,19.68,1.1000004,6.111113,4.0,257,0.21595022338867187,True,REGULAR,USD,call
QQQ260227C00627000,2026-01-28 15:36:15+00:00,627.0,19.51,18.75,18.98,2.3400002,13.628423,7.0,487,0.21393608337402342,True,REGULAR,USD,call
QQQ260227C00628000,2026-01-28 21:02:51+00:00,628.0,16.02,18.06,18.29,-0.45999908,-2.7912567,49.0,212,0.2119524606323242,True,REGULAR,USD,call
QQQ260227C00629000,2026-01-28 20:57:30+00:00,629.0,17.52,17.38,17.61,1.4300003,8.887509,41.0,358,0.2099993551635742,True,REGULAR,USD,call
QQQ260227C00630000,2026-01-28 21:13:06+00:00,630.0,16.34,16.72,16.93,1.0799999,7.077326,415.0,2304,0.20789366333007808,True,REGULAR,USD,call
QQQ260227C00631000,2026-01-28 18:07:00+00:00,631.0,15.88,16.06,16.27,1.1800003,8.027213,47.0,164,0.20592529922485348,True,REGULAR,USD,call
QQQ260227C00632000,2026-01-28 21:08:36+00:00,632.0,14.75,15.41,15.62,0.78999996,5.6590257,308.0,256,0.20395693511962887,True,REGULAR,USD,call
QQQ260227C00633000,2026-01-28 21:03:34+00:00,633.0,12.11,14.77,14.99,-1.4900007,-10.955888,166.0,150,0.2021411573791504,True,REGULAR,USD,call
QQQ260227C00634000,2026-01-28 20:59:34+00:00,634.0,14.19,14.15,14.36,1.4399996,11.294114,122.0,185,0.2001727932739258,False,REGULAR,USD,call
QQQ260227C00635000,2026-01-28 21:14:24+00:00,635.0,13.6,13.54,13.74,1.3900003,11.384114,1566.0,973,0.19818917053222657,False,REGULAR,USD,call
QQQ260227C00636000,2026-01-28 21:10:55+00:00,636.0,12.41,12.94,13.14,0.60999966,5.1694884,341.0,389,0.19635813415527342,False,REGULAR,USD,call
QQQ260227C00637000,2026-01-28 20:55:00+00:00,637.0,12.41,12.35,12.54,1.2200003,10.902595,127.0,128,0.194343994140625,False,REGULAR,USD,call
QQQ260227C00638000,2026-01-28 20:20:05+00:00,638.0,12.15,11.77,11.96,1.5099993,14.191722,39.0,197,0.19245192321777344,False,REGULAR,USD,call
QQQ260227C00639000,2026-01-28 20:06:40+00:00,639.0,11.41,11.21,11.4,1.2299995,12.08251,42.0,259,0.19068192138671874,False,REGULAR,USD,call
QQQ260227C00640000,2026-01-28 21:11:36+00:00,640.0,10.42,10.67,10.84,0.8100004,8.428725,213.0,2598,0.18872881591796875,False,REGULAR,USD,call
QQQ260227C00641000,2026-01-28 21:02:44+00:00,641.0,8.82,10.13,10.31,-0.19000053,-2.108774,40.0,348,0.1870198486328125,False,REGULAR,USD,call
QQQ260227C00642000,2026-01-28 21:00:45+00:00,642.0,9.18,9.61,9.79,0.52000046,6.0046244,239.0,348,0.185280364074707,False,REGULAR,USD,call
QQQ260227C00643000,2026-01-28 21:14:00+00:00,643.0,9.15,9.11,9.29,1.0,12.269939,170.0,572,0.18366294860839844,False,REGULAR,USD,call
QQQ260227C00644000,2026-01-28 20:24:38+00:00,644.0,9.05,8.62,8.8,1.2600002,16.174585,67.0,270,0.18198449859619142,False,REGULAR,USD,call
QQQ260227C00645000,2026-01-28 21:10:39+00:00,645.0,7.76,8.15,8.33,0.47000027,6.4471917,232.0,5029,0.18039760040283204,False,REGULAR,USD,call
QQQ260227C00646000,2026-01-28 21:12:01+00:00,646.0,7.51,7.69,7.87,0.71000004,10.441176,15.0,201,0.17878018493652342,False,REGULAR,USD,call
QQQ260227C00647000,2026-01-28 20:24:38+00:00,647.0,7.65,7.24,7.42,1.0799999,16.438354,30.0,419,0.1771017349243164,False,REGULAR,USD,call
QQQ260227C00648000,2026-01-28 21:00:45+00:00,648.0,6.55,6.82,6.99,0.3800001,6.158835,334.0,503,0.17551483673095702,False,REGULAR,USD,call
QQQ260227C00649000,2026-01-28 21:12:01+00:00,649.0,6.32,6.41,6.58,0.61000013,10.683015,23.0,433,0.17401949035644532,False,REGULAR,USD,call
QQQ260227C00650000,2026-01-28 21:09:49+00:00,650.0,5.73,6.03,6.17,0.3800001,7.102806,796.0,4336,0.1723410403442383,False,REGULAR,USD,call
QQQ260227C00655000,2026-01-28 21:12:17+00:00,655.0,4.16,4.3,4.44,0.30999994,8.051947,884.0,2169,0.1656577575683594,False,REGULAR,USD,call
QQQ260227C00660000,2026-01-28 21:14:28+00:00,660.0,3.0,2.97,3.08,0.3399999,12.781952,423.0,2352,0.15973740661621094,False,REGULAR,USD,call
QQQ260227C00665000,2026-01-28 20:59:53+00:00,665.0,1.99,1.99,2.08,0.21000004,11.797755,2534.0,2770,0.1550987811279297,False,REGULAR,USD,call
QQQ260227C00670000,2026-01-28 21:11:07+00:00,670.0,1.28,1.3,1.38,0.06999993,5.785118,274.0,1438,0.15180291564941406,False,REGULAR,USD,call
QQQ260227C00675000,2026-01-28 21:05:43+00:00,675.0,0.69,0.85,0.91,-0.100000024,-12.65823,398.0,1177,0.14984981018066407,False,REGULAR,USD,call
QQQ260227C00680000,2026-01-28 20:55:42+00:00,680.0,0.62,0.55,0.62,0.06999999,12.727271,351.0,857,0.14997187927246097,False,REGULAR,USD,call
QQQ260227C00685000,2026-01-28 20:27:57+00:00,685.0,0.43,0.37,0.44,0.050000012,13.157897,325.0,429,0.15174188110351564,False,REGULAR,USD,call
QQQ260227C00690000,2026-01-28 20:55:00+00:00,690.0,0.3,0.25,0.32,0.050000012,20.000004,51.0,540,0.15430533203125002,False,REGULAR,USD,call
QQQ260227C00695000,2026-01-28 21:11:07+00:00,695.0,0.24,0.18,0.24,0.030000001,14.285715,704.0,298,0.15747912841796874,False,REGULAR,USD,call
QQQ260227C00700000,2026-01-28 20:40:28+00:00,700.0,0.16,0.13,0.16,0.019999996,14.285711,738.0,425,0.15796740478515625,False,REGULAR,USD,call
QQQ260227C00705000,2026-01-27 17:19:54+00:00,705.0,0.12,0.09,0.14,0.0,0.0,6.0,171,0.1645591357421875,False,REGULAR,USD,call
QQQ260227C00710000,2026-01-28 20:08:59+00:00,710.0,0.09,0.07,0.12,0.0,0.0,169.0,174,0.17041845214843754,False,REGULAR,USD,call
QQQ260227C00715000,2026-01-28 18:26:13+00:00,715.0,0.09,0.05,0.1,0.020000003,28.571432,213.0,150,0.1753012158203125,False,REGULAR,USD,call
QQQ260227C00720000,2026-01-28 21:02:38+00:00,720.0,0.06,0.03,0.08,-0.010000002,-14.285716,21.0,611,0.17920742675781248,False,REGULAR,USD,call
QQQ260227C00725000,2026-01-28 20:46:09+00:00,725.0,0.06,0.02,0.07,0.0,0.0,186.0,154,0.18457846679687498,False,REGULAR,USD,call
QQQ260227C00730000,2026-01-26 16:38:14+00:00,730.0,0.03,0.02,0.06,0.0,0.0,6.0,420,0.18946123046875002,False,REGULAR,USD,call
QQQ260227C00735000,2026-01-22 17:00:23+00:00,735.0,0.05,0.01,0.05,0.020000001,66.66668,1.0,276,0.19385571777343752,False,REGULAR,USD,call
QQQ260227C00740000,2026-01-28 17:56:26+00:00,740.0,0.03,0.01,0.05,0.01,50.0,223.0,531,0.2016681396484375,False,REGULAR,USD,call
QQQ260227C00745000,2026-01-28 15:41:40+00:00,745.0,0.02,0.0,0.04,0.0,0.0,1.0,324,0.20508607421874997,False,REGULAR,USD,call
QQQ260227C00750000,2026-01-15 20:26:47+00:00,750.0,0.03,0.0,0.04,0.0,0.0,82.0,201,0.21192194335937498,False,REGULAR,USD,call
QQQ260227P00395000,2026-01-28 20:59:03+00:00,395.0,0.08,0.05,0.1,0.0,0.0,95.0,1990,0.58789474609375,False,REGULAR,USD,put
QQQ260227P00400000,2026-01-28 19:26:27+00:00,400.0,0.07,0.06,0.1,-0.020000003,-22.222223,3.0,1067,0.57617611328125,False,REGULAR,USD,put
QQQ260227P00405000,2026-01-28 17:24:48+00:00,405.0,0.1,0.06,0.11,-0.009999998,-9.090907,15.0,159,0.5654340332031251,False,REGULAR,USD,put
QQQ260227P00410000,2026-01-28 19:25:28+00:00,410.0,0.11,0.07,0.12,-0.019999996,-15.384612,4.0,364,0.5576216113281252,False,REGULAR,USD,put
QQQ260227P00415000,2026-01-26 19:55:03+00:00,415.0,0.12,0.08,0.1,0.0,0.0,5.0,374,0.5400436621093752,False,REGULAR,USD,put
QQQ260227P00420000,2026-01-28 18:21:03+00:00,420.0,0.1,0.08,0.11,-0.050000004,-33.333336,2.0,252,0.5293015820312501,False,REGULAR,USD,put
QQQ260227P00425000,2026-01-28 20:10:38+00:00,425.0,0.11,0.11,0.14,-0.009999998,-8.333331,99.0,241,0.5302781347656251,False,REGULAR,USD,put
QQQ260227P00430000,2026-01-26 15:07:09+00:00,430.0,0.14,0.09,0.14,0.0,0.0,3.0,96,0.5117236328125,False,REGULAR,USD,put
QQQ260227P00435000,2026-01-27 20:57:30+00:00,435.0,0.13,0.1,0.15,0.0,0.0,77.0,310,0.5019581054687501,False,REGULAR,USD,put
QQQ260227P00440000,2026-01-28 16:55:15+00:00,440.0,0.16,0.11,0.16,0.019999996,14.285711,254.0,556,0.5019581054687501,False,REGULAR,USD,put
QQQ260227P00445000,2026-01-28 17:38:38+00:00,445.0,0.16,0.14,0.17,-0.049999997,-23.809523,96.0,534,0.49121602539062503,False,REGULAR,USD,put
QQQ260227P00450000,2026-01-28 15:02:42+00:00,450.0,0.16,0.13,0.18,-0.010000005,-5.8823557,3.0,242,0.4804739453125,False,REGULAR,USD,put
QQQ260227P00455000,2026-01-27 19:10:23+00:00,455.0,0.17,0.14,0.19,0.0,0.0,44.0,567,0.46973186523437505,False,REGULAR,USD,put
QQQ260227P00460000,2026-01-28 17:25:31+00:00,460.0,0.2,0.15,0.2,-0.00999999,-4.7619004,5.0,136,0.4585015087890626,False,REGULAR,USD,put
QQQ260227P00465000,2026-01-28 18:16:43+00:00,465.0,0.2,0.16,0.22,0.0,0.0,10.0,317,0.4497125341796875,False,REGULAR,USD,put
QQQ260227P00470000,2026-01-28 21:00:43+00:00,470.0,0.21,0.18,0.23,-0.010000005,-4.545457,20.0,188,0.4379939013671875,False,REGULAR,USD,put
QQQ260227P00475000,2026-01-28 15:09:00+00:00,475.0,0.24,0.19,0.25,-0.010000005,-4.000002,6.0,272,0.428716650390625,False,REGULAR,USD,put
QQQ260227P00480000,2026-01-28 14:59:34+00:00,480.0,0.24,0.21,0.26,-0.010000005,-4.000002,1.0,356,0.41699801757812494,False,REGULAR,USD,put
QQQ260227P00485000,2026-01-28 20:10:38+00:00,485.0,0.26,0.23,0.28,-0.02000001,-7.1428604,33.0,546,0.407232490234375,False,REGULAR,USD,put
QQQ260227P00490000,2026-01-28 20:15:09+00:00,490.0,0.27,0.25,0.31,-0.01999998,-6.8965454,2.0,1243,0.3986876538085938,False,REGULAR,USD,put
QQQ260227P00495000,2026-01-28 19:46:31+00:00,495.0,0.3,0.28,0.33,-0.049999982,-14.285709,6.0,337,0.3881897119140625,False,REGULAR,USD,put
QQQ260227P00500000,2026-01-28 21:13:57+00:00,500.0,0.33,0.32,0.36,-0.00999999,-2.9411736,206.0,1899,0.3789124609375,False,REGULAR,USD,put
QQQ260227P00505000,2026-01-28 17:46:34+00:00,505.0,0.4,0.33,0.39,0.030000001,8.108108,5.0,1392,0.36914693359375,False,REGULAR,USD,put
QQQ260227P00510000,2026-01-28 20:07:42+00:00,510.0,0.39,0.37,0.43,-0.02000001,-4.8780513,21.0,1475,0.36035795898437495,False,REGULAR,USD,put
QQQ260227P00515000,2026-01-27 20:12:33+00:00,515.0,0.45,0.41,0.47,0.0,0.0,13.0,1607,0.35108070800781244,False,REGULAR,USD,put
QQQ260227P00520000,2026-01-28 21:10:29+00:00,520.0,0.52,0.45,0.51,0.029999971,6.122443,62.0,1341,0.3413151806640625,False,REGULAR,USD,put
QQQ260227P00525000,2026-01-28 19:39:43+00:00,525.0,0.59,0.51,0.57,0.029999971,5.3571377,26.0,425,0.33301448242187504,False,REGULAR,USD,put
QQQ260227P00530000,2026-01-28 21:00:57+00:00,530.0,0.75,0.57,0.64,0.100000024,15.384619,27.0,3398,0.3249579223632812,False,REGULAR,USD,put
QQQ260227P00535000,2026-01-28 20:47:08+00:00,535.0,0.72,0.64,0.71,0.04000002,5.8823557,23.0,3250,0.3161689477539062,False,REGULAR,USD,put
QQQ260227P00540000,2026-01-28 20:07:42+00:00,540.0,0.74,0.73,0.79,-0.050000012,-6.329115,101.0,515,0.3073799731445312,False,REGULAR,USD,put
QQQ260227P00541000,2026-01-28 15:56:33+00:00,541.0,0.87,0.74,0.81,0.01999998,2.352939,8.0,29,0.3057930749511719,False,REGULAR,USD,put
QQQ260227P00542000,2026-01-27 18:52:30+00:00,542.0,0.82,0.76,0.83,0.0,0.0,11.0,23,0.3042061767578125,False,REGULAR,USD,put
QQQ260227P00543000,2026-01-27 14:43:28+00:00,543.0,0.92,0.78,0.85,0.0,0.0,4.0,29,0.30261927856445314,False,REGULAR,USD,put
QQQ260227P00544000,2026-01-28 17:11:18+00:00,544.0,0.97,0.8,0.87,-0.03999996,-3.9603922,10.0,78,0.3009103112792969,False,REGULAR,USD,put
QQQ260227P00545000,2026-01-28 21:00:40+00:00,545.0,0.96,0.83,0.89,0.03999996,4.3478217,152.0,290,0.29920134399414056,False,REGULAR,USD,put
QQQ260227P00546000,2026-01-28 15:56:33+00:00,546.0,0.98,0.85,0.92,-0.32999992,-25.190834,92.0,21,0.2981027221679687,False,REGULAR,USD,put
QQQ260227P00547000,2026-01-28 19:54:36+00:00,547.0,0.88,0.87,0.94,-0.060000002,-6.382979,2.0,223,0.2962716857910156,False,REGULAR,USD,put
QQQ260227P00548000,2026-01-28 15:31:06+00:00,548.0,0.98,0.89,0.96,-1.9200001,-66.206894,37.0,140,0.29444064941406245,False,REGULAR,USD,put
QQQ260227P00549000,2026-01-28 19:49:45+00:00,549.0,0.99,0.91,0.98,0.0,0.0,9.0,27,0.2926096130371093,False,REGULAR,USD,put
QQQ260227P00550000,2026-01-28 21:00:22+00:00,550.0,1.26,0.94,1.01,0.24000001,23.529411,105.0,1015,0.2913889221191405,False,REGULAR,USD,put
QQQ260227P00551000,2026-01-27 20:04:29+00:00,551.0,1.03,0.96,1.04,0.0,0.0,4.0,71,0.29004616210937495,False,REGULAR,USD,put
QQQ260227P00552000,2026-01-28 20:46:11+00:00,552.0,1.09,0.99,1.06,-0.17999995,-14.173224,6.0,441,0.2880930566406249,False,REGULAR,USD,put
QQQ260227P00553000,2026-01-28 19:52:21+00:00,553.0,1.05,1.02,1.09,-0.05000007,-4.545461,6.0,105,0.2866282275390625,False,REGULAR,USD,put
QQQ260227P00554000,2026-01-28 18:18:25+00:00,554.0,1.18,1.05,1.12,0.06999993,6.3063,10.0,78,0.28516339843749994,False,REGULAR,USD,put
QQQ260227P00555000,2026-01-28 15:44:35+00:00,555.0,1.21,1.08,1.15,0.03000009,2.5423806,55.0,676,0.28357650024414055,False,REGULAR,USD,put
QQQ260227P00556000,2026-01-28 16:51:41+00:00,556.0,1.37,1.11,1.18,-0.03999996,-2.8368769,1.0,147,0.2819896020507812,False,REGULAR,USD,put
QQQ260227P00557000,2026-01-28 19:54:36+00:00,557.0,1.16,1.14,1.21,-0.33000004,-22.147654,1.0,164,0.28040270385742183,False,REGULAR,USD,put
QQQ260227P00558000,2026-01-28 18:32:05+00:00,558.0,1.31,1.17,1.24,0.01999998,1.5503862,1.0,87,0.2786937365722656,False,REGULAR,USD,put
QQQ260227P00559000,2026-01-27 15:30:54+00:00,559.0,1.3,1.2,1.28,0.0,0.0,2.0,102,0.27747304565429687,False,REGULAR,USD,put
QQQ260227P00560000,2026-01-28 21:07:22+00:00,560.0,1.38,1.24,1.31,0.049999952,3.759395,53.0,2690,0.2757030438232422,False,REGULAR,USD,put
QQQ260227P00561000,2026-01-28 20:45:46+00:00,561.0,1.37,1.27,1.35,-0.029999971,-2.1428552,22.0,188,0.27436028381347655,False,REGULAR,USD,put
QQQ260227P00562000,2026-01-28 20:45:46+00:00,562.0,1.41,1.31,1.38,-0.01999998,-1.3986001,55.0,34,0.2725292474365234,False,REGULAR,USD,put
QQQ260227P00563000,2026-01-28 21:01:01+00:00,563.0,1.68,1.35,1.42,0.26,18.30986,52.0,96,0.271064418334961,False,REGULAR,USD,put
QQQ260227P00564000,2026-01-27 19:08:31+00:00,564.0,1.54,1.39,1.46,0.03999996,2.6666641,3.0,142,0.2695385546875,False,REGULAR,USD,put
QQQ260227P00565000,2026-01-28 18:02:40+00:00,565.0,1.66,1.43,1.5,0.06999993,4.4025116,66.0,928,0.268012691040039,False,REGULAR,USD,put
QQQ260227P00566000,2026-01-28 21:05:28+00:00,566.0,1.78,1.47,1.54,0.17999995,11.249996,52.0,149,0.26642579284667967,False,REGULAR,USD,put
QQQ260227P00567000,2026-01-28 20:46:58+00:00,567.0,1.68,1.51,1.59,0.049999952,3.0674818,9.0,621,0.2651440673828125,False,REGULAR,USD,put
QQQ260227P00568000,2026-01-28 20:45:47+00:00,568.0,1.68,1.56,1.63,0.01999998,1.2048181,50.0,2865,0.26343510009765625,False,REGULAR,USD,put
QQQ260227P00569000,2026-01-28 15:31:50+00:00,569.0,1.76,1.6,1.68,0.029999971,1.7341024,38.0,260,0.2620923400878906,False,REGULAR,USD,put
QQQ260227P00570000,2026-01-28 21:09:15+00:00,570.0,1.8,1.66,1.73,-0.03000009,-1.6393492,630.0,2076,0.26068854553222653,False,REGULAR,USD,put
QQQ260227P00571000,2026-01-28 20:46:10+00:00,571.0,1.86,1.7,1.78,0.0,0.0,18.0,243,0.25916268188476566,False,REGULAR,USD,put
QQQ260227P00572000,2026-01-28 20:01:27+00:00,572.0,1.94,1.75,1.83,0.03000009,1.5706854,14.0,1324,0.25763681823730467,False,REGULAR,USD,put
QQQ260227P00573000,2026-01-28 20:46:09+00:00,573.0,1.96,1.81,1.88,0.0,0.0,23.0,190,0.25604992004394533,False,REGULAR,USD,put
QQQ260227P00574000,2026-01-28 21:14:57+00:00,574.0,1.91,1.86,1.94,-0.110000014,-5.4455457,25.0,2598,0.2547071600341797,False,REGULAR,USD,put
QQQ260227P00575000,2026-01-28 21:10:29+00:00,575.0,2.07,1.92,1.99,-0.03999996,-1.8957329,202.0,2180,0.25299819274902346,False,REGULAR,USD,put
QQQ260227P00576000,2026-01-28 20:46:57+00:00,576.0,2.18,1.98,2.05,0.029999971,1.3953475,103.0,379,0.2515943981933594,False,REGULAR,USD,put
QQQ260227P00577000,2026-01-28 20:46:10+00:00,577.0,2.22,2.04,2.12,0.06999993,3.2558107,33.0,306,0.2503737072753906,False,REGULAR,USD,put
QQQ260227P00578000,2026-01-28 21:14:57+00:00,578.0,2.13,2.1,2.18,-0.18999982,-8.189647,12.0,202,0.2488478436279297,False,REGULAR,USD,put
QQQ260227P00579000,2026-01-28 20:46:09+00:00,579.0,2.33,2.16,2.24,-0.029999971,-1.2711853,150.0,284,0.24719991088867188,False,REGULAR,USD,put
QQQ260227P00580000,2026-01-28 21:02:49+00:00,580.0,2.79,2.24,2.31,0.24000001,9.411765,231.0,3458,0.24585715087890625,False,REGULAR,USD,put
QQQ260227P00581000,2026-01-28 20:45:45+00:00,581.0,2.46,2.3,2.38,0.00999999,0.40816286,8.0,167,0.24439232177734377,False,REGULAR,USD,put
QQQ260227P00582000,2026-01-28 19:37:14+00:00,582.0,2.5,2.37,2.45,-0.06999993,-2.723733,14.0,212,0.24286645812988278,False,REGULAR,USD,put
QQQ260227P00583000,2026-01-28 16:07:21+00:00,583.0,2.7,2.44,2.53,0.08000016,3.0534415,2.0,146,0.24158473266601563,False,REGULAR,USD,put
QQQ260227P00584000,2026-01-28 20:46:09+00:00,584.0,2.73,2.52,2.6,-0.01999998,-0.72727203,3605.0,2849,0.23993679992675776,False,REGULAR,USD,put
QQQ260227P00585000,2026-01-28 21:02:49+00:00,585.0,3.23,2.6,2.68,0.32999992,11.379308,231.0,1117,0.23847197082519528,False,REGULAR,USD,put
QQQ260227P00586000,2026-01-28 16:09:11+00:00,586.0,2.96,2.68,2.76,0.03999996,1.3698617,5.0,374,0.23694610717773437,False,REGULAR,USD,put
QQQ260227P00587000,2026-01-28 20:56:25+00:00,587.0,2.98,2.76,2.85,0.01999998,0.67567503,14.0,388,0.23563386444091794,False,REGULAR,USD,put
QQQ260227P00588000,2026-01-28 20:14:14+00:00,588.0,2.87,2.84,2.93,-0.23000002,-7.419356,20.0,273,0.23395541442871093,False,REGULAR,USD,put
QQQ260227P00589000,2026-01-28 20:38:48+00:00,589.0,3.12,2.93,3.02,-0.08000016,-2.500005,12.0,374,0.23249058532714845,False,REGULAR,USD,put
QQQ260227P00590000,2026-01-28 21:13:26+00:00,590.0,3.17,3.03,3.11,-0.23000002,-6.764706,304.0,2090,0.2309647216796875,False,REGULAR,USD,put
QQQ260227P00591000,2026-01-28 21:02:56+00:00,591.0,3.9,3.12,3.21,0.47000003,13.702624,13.0,117,0.22959144439697265,False,REGULAR,USD,put
QQQ260227P00592000,2026-01-28 17:12:08+00:00,592.0,3.75,3.22,3.31,0.13000011,3.5911634,2.0,252,0.22815713256835937,False,REGULAR,USD,put
QQQ260227P00593000,2026-01-28 16:58:47+00:00,593.0,3.95,3.32,3.41,0.29999995,8.219177,30.0,278,0.22660075164794918,False,REGULAR,USD,put
QQQ260227P00594000,2026-01-28 19:20:59+00:00,594.0,3.75,3.42,3.52,-0.109999895,-2.8497384,8.0,248,0.22522747436523435,False,REGULAR,USD,put
QQQ260227P00595000,2026-01-28 21:14:27+00:00,595.0,3.57,3.53,3.62,-0.34000015,-8.695656,155.0,4802,0.2235185070800781,False,REGULAR,USD,put
QQQ260227P00596000,2026-01-28 21:02:56+00:00,596.0,4.51,3.64,3.74,0.5600002,14.177219,10.0,219,0.22220626434326168,False,REGULAR,USD,put
QQQ260227P00597000,2026-01-28 21:02:29+00:00,597.0,4.56,3.76,3.85,0.4499998,10.9489,8.0,185,0.2205888488769531,False,REGULAR,USD,put
QQQ260227P00598000,2026-01-28 20:31:09+00:00,598.0,4.07,3.87,3.97,-0.12999964,-3.0952296,54.0,412,0.2190629852294922,False,REGULAR,USD,put
QQQ260227P00599000,2026-01-28 21:12:47+00:00,599.0,4.25,4.0,4.1,-0.15999985,-3.6281145,237.0,400,0.21772022521972656,False,REGULAR,USD,put
QQQ260227P00600000,2026-01-28 21:12:47+00:00,600.0,4.44,4.12,4.22,-0.23000002,-4.925054,942.0,3848,0.2160417752075195,False,REGULAR,USD,put
QQQ260227P00601000,2026-01-28 21:10:50+00:00,601.0,4.53,4.25,4.35,-0.25999975,-5.42797,49.0,221,0.21448539428710936,False,REGULAR,USD,put
QQQ260227P00602000,2026-01-28 21:11:30+00:00,602.0,4.61,4.39,4.49,-0.21000004,-4.3568473,62.0,909,0.21302056518554688,False,REGULAR,USD,put
QQQ260227P00603000,2026-01-28 20:35:04+00:00,603.0,4.85,4.53,4.63,-0.30999994,-6.007751,19.0,135,0.21149470153808592,False,REGULAR,USD,put
QQQ260227P00604000,2026-01-28 21:09:21+00:00,604.0,5.0,4.67,4.77,-0.32000017,-6.0150404,184.0,205,0.2098772860717773,False,REGULAR,USD,put
QQQ260227P00605000,2026-01-28 21:02:20+00:00,605.0,5.75,4.82,4.92,0.4499998,8.490562,221.0,4108,0.20835142242431637,False,REGULAR,USD,put
QQQ260227P00606000,2026-01-28 21:00:37+00:00,606.0,5.35,4.97,5.07,-0.32000017,-5.6437416,37.0,204,0.20673400695800775,False,REGULAR,USD,put
QQQ260227P00607000,2026-01-28 18:37:27+00:00,607.0,5.54,5.13,5.23,-0.21000004,-3.6521745,51.0,312,0.20517762603759765,False,REGULAR,USD,put
QQQ260227P00608000,2026-01-28 21:14:24+00:00,608.0,5.35,5.29,5.4,-0.4000001,-6.956523,37.0,486,0.20374331420898437,False,REGULAR,USD,put
QQQ260227P00609000,2026-01-28 21:00:37+00:00,609.0,5.87,5.46,5.57,-0.16000032,-2.653405,20.0,352,0.20215641601562498,False,REGULAR,USD,put
QQQ260227P00610000,2026-01-28 20:55:53+00:00,610.0,6.01,5.65,5.74,-0.40999985,-6.3862906,6194.0,10299,0.20050848327636717,False,REGULAR,USD,put
QQQ260227P00611000,2026-01-28 18:06:38+00:00,611.0,6.35,5.81,5.92,0.01999998,0.31595546,17.0,299,0.19892158508300778,False,REGULAR,USD,put
QQQ260227P00612000,2026-01-28 20:29:42+00:00,612.0,6.27,5.99,6.11,-0.55999994,-8.1991205,15.0,1953,0.19736520416259767,False,REGULAR,USD,put
QQQ260227P00613000,2026-01-28 19:54:38+00:00,613.0,6.27,6.18,6.31,-0.61000013,-8.8662815,46.0,267,0.1959003750610352,False,REGULAR,USD,put
QQQ260227P00614000,2026-01-28 19:52:34+00:00,614.0,6.5,6.38,6.51,-0.73,-10.096819,44.0,180,0.1943134768676758,False,REGULAR,USD,put
QQQ260227P00615000,2026-01-28 21:05:54+00:00,615.0,7.81,6.58,6.71,0.32000017,4.272365,553.0,3765,0.1926045095825195,False,REGULAR,USD,put
QQQ260227P00616000,2026-01-28 21:08:45+00:00,616.0,7.28,6.8,6.93,-0.12999964,-1.7543811,21189.0,266,0.1911091632080078,False,REGULAR,USD,put
QQQ260227P00617000,2026-01-28 21:01:53+00:00,617.0,8.15,7.01,7.14,0.40999985,5.297156,31.0,501,0.18933916137695314,False,REGULAR,USD,put
QQQ260227P00618000,2026-01-28 20:41:18+00:00,618.0,7.65,7.23,7.37,-0.5700002,-6.934308,41.0,612,0.18775226318359373,False,REGULAR,USD,put
QQQ260227P00619000,2026-01-28 19:23:04+00:00,619.0,8.1,7.46,7.6,-0.35999966,-4.2553153,26.0,664,0.1860432958984375,False,REGULAR,USD,put
QQQ260227P00620000,2026-01-28 21:07:36+00:00,620.0,8.48,7.7,7.84,-0.25,-2.8636885,235.0,5464,0.18436484588623048,False,REGULAR,USD,put
QQQ260227P00621000,2026-01-28 20:30:11+00:00,621.0,8.33,7.94,8.09,-0.31000042,-3.5879676,30.0,381,0.18271691314697264,False,REGULAR,USD,put
QQQ260227P00622000,2026-01-28 20:53:54+00:00,622.0,8.6,8.19,8.35,-0.47999954,-5.286339,3762.0,413,0.1810689804077148,False,REGULAR,USD,put
QQQ260227P00623000,2026-01-28 21:05:02+00:00,623.0,9.62,8.46,8.61,-0.029999733,-0.31087807,28.0,187,0.17929897857666016,False,REGULAR,USD,put
QQQ260227P00624000,2026-01-28 19:00:49+00:00,624.0,8.99,8.73,8.89,-0.6500006,-6.7427444,52.0,572,0.17768156311035155,False,REGULAR,USD,put
QQQ260227P00625000,2026-01-28 21:14:23+00:00,625.0,9.09,9.01,9.17,-1.1599998,-11.317072,616.0,1269,0.17594207855224608,False,REGULAR,USD,put
QQQ260227P00626000,2026-01-28 21:00:37+00:00,626.0,10.29,9.3,9.46,-0.06000042,-0.5797142,71.0,180,0.17417207672119145,False,REGULAR,USD,put
QQQ260227P00627000,2026-01-28 20:02:56+00:00,627.0,9.92,9.6,9.77,-0.9499998,-8.739649,72.0,310,0.17255466125488284,False,REGULAR,USD,put
QQQ260227P00628000,2026-01-28 20:10:02+00:00,628.0,10.04,9.91,10.08,-1.0200005,-9.222427,44.0,237,0.17078465942382814,False,REGULAR,USD,put
QQQ260227P00629000,2026-01-28 21:01:33+00:00,629.0,10.97,10.23,10.4,-0.6199999,-5.349438,36.0,57,0.16898414031982423,False,REGULAR,USD,put
QQQ260227P00630000,2026-01-28 21:14:27+00:00,630.0,10.61,10.6,10.74,-1.3699999,-11.435725,1425.0,3096,0.16730569030761722,False,REGULAR,USD,put
QQQ260227P00631000,2026-01-28 21:00:43+00:00,631.0,12.04,10.9,11.09,-0.1800003,-1.4729975,218.0,223,0.1656272402954102,False,REGULAR,USD,put
QQQ260227P00632000,2026-01-28 20:50:00+00:00,632.0,11.8,11.25,11.44,-0.9499998,-7.450979,104.0,119,0.16376568664550784,False,REGULAR,USD,put
QQQ260227P00633000,2026-01-28 21:11:57+00:00,633.0,12.05,11.62,11.81,-1.0799999,-8.225437,425.0,69,0.16199568481445312,False,REGULAR,USD,put
QQQ260227P00634000,2026-01-28 21:00:43+00:00,634.0,13.23,11.99,12.19,-0.32000065,-2.3616283,110.0,15,0.16017990707397461,True,REGULAR,USD,put
QQQ260227P00635000,2026-01-28 21:02:44+00:00,635.0,14.58,12.38,12.58,0.5699997,4.06852,857.0,368,0.15833361206054689,True,REGULAR,USD,put
QQQ260227P00636000,2026-01-28 21:08:42+00:00,636.0,13.52,12.77,12.99,-0.87999916,-6.1111054,279.0,13,0.15656361022949222,True,REGULAR,USD,put
QQQ260227P00637000,2026-01-28 21:00:43+00:00,637.0,15.0,13.19,13.42,0.06000042,0.40160924,41.0,12,0.15485464294433599,True,REGULAR,USD,put
QQQ260227P00638000,2026-01-28 20:03:37+00:00,638.0,14.04,13.62,13.85,-1.3299999,-8.65322,20.0,34,0.15296257202148442,True,REGULAR,USD,put
QQQ260227P00639000,2026-01-28 21:01:20+00:00,639.0,14.69,14.07,14.3,-0.84000015,-5.408887,202.0,10,0.1511315356445313,True,REGULAR,USD,put
QQQ260227P00640000,2026-01-28 19:27:36+00:00,640.0,15.31,14.53,14.75,-0.8499994,-5.259897,10.0,223,0.14908687835693357,True,REGULAR,USD,put
QQQ260227P00641000,2026-01-28 15:13:12+00:00,641.0,15.19,14.99,15.27,-1.3699999,-8.272946,8.0,17,0.14778989425659184,True,REGULAR,USD,put
QQQ260227P00642000,2026-01-28 17:03:38+00:00,642.0,17.04,15.49,15.76,-0.41999817,-2.405488,3.0,15,0.1458520474243164,True,REGULAR,USD,put
QQQ260227P00643000,2026-01-28 21:01:20+00:00,643.0,16.66,14.25,18.5,-0.7600002,-4.3628025,3.0,5,0.17569794036865233,True,REGULAR,USD,put
QQQ260227P00644000,2026-01-28 14:43:15+00:00,644.0,16.02,14.78,19.0,-5.209999,-24.54074,1.0,2,0.1738058694458008,True,REGULAR,USD,put
QQQ260227P00645000,2026-01-28 17:04:40+00:00,645.0,18.5,15.42,19.5,-0.5,-2.631579,4.0,16,0.17170017761230472,True,REGULAR,USD,put
QQQ260227P00646000,2026-01-27 15:13:34+00:00,646.0,19.8,15.9,20.0,0.0,0.0,1.0,5,0.1694113821411133,True,REGULAR,USD,put
QQQ260227P00647000,2026-01-27 16:09:00+00:00,647.0,19.98,16.52,20.8,0.0,0.0,2.0,7,0.17130345306396483,True,REGULAR,USD,put
QQQ260227P00648000,2026-01-28 16:02:45+00:00,648.0,19.7,17.04,21.39,-5.299999,-21.199997,3.0,38,0.16993017578125003,True,REGULAR,USD,put
QQQ260227P00649000,2026-01-21 16:32:07+00:00,649.0,34.91,17.71,22.0,0.0,0.0,2.0,5,0.16864845031738285,True,REGULAR,USD,put
QQQ260227P00650000,2026-01-28 20:45:54+00:00,650.0,21.05,18.57,22.5,-1.2300014,-5.520653,5.0,42,0.16547465393066407,True,REGULAR,USD,put
QQQ260227P00655000,2026-01-28 21:13:26+00:00,655.0,24.35,21.74,25.99,-1.1800003,-4.6220145,7.0,145,0.16181258117675779,True,REGULAR,USD,put
QQQ260227P00660000,2026-01-28 21:00:41+00:00,660.0,29.2,25.38,29.79,-0.76999855,-2.569231,4.0,407,0.15845568115234376,True,REGULAR,USD,put
QQQ260227P00665000,2026-01-28 15:03:04+00:00,665.0,31.0,29.71,34.0,-3.0,-8.823529,1.0,14,0.15851671569824222,True,REGULAR,USD,put
QQQ260227P00670000,2026-01-27 15:08:41+00:00,670.0,35.31,34.12,38.5,-4.3999977,-11.080326,50.0,1,0.16162947753906248,True,REGULAR,USD,put
QQQ260227P00675000,2025-11-28 17:29:08+00:00,675.0,59.09,49.7,53.04,0.0,0.0,3.0,1,0.35797761169433595,True,REGULAR,USD,put
QQQ260227P00680000,2026-01-23 15:02:12+00:00,680.0,58.63,44.03,48.39,0.0,0.0,1.0,0,0.18744709045410157,True,REGULAR,USD,put
QQQ260227P00685000,2026-01-23 15:15:28+00:00,685.0,63.42,49.03,53.39,0.0,0.0,1.0,0,0.20130193237304686,True,REGULAR,USD,put
QQQ260227P00695000,2026-01-22 15:06:47+00:00,695.0,77.06,59.03,63.39,0.0,0.0,1.0,0,0.22809609802246095,True,REGULAR,USD,put
QQQ260227P00700000,2026-01-28 20:40:38+00:00,700.0,66.41,64.03,68.39,-2.5,-3.6279204,8.0,2,0.24109645629882812,True,REGULAR,USD,put
QQQ260227P00720000,2025-12-09 14:40:53+00:00,720.0,96.83,84.03,88.39,0.0,0.0,,0,0.2907175421142577,True,REGULAR,USD,put
