contractSymbol,lastTradeDate,strike,lastPrice,bid,ask,change,percentChange,volume,openInterest,impliedVolatility,inTheMoney,contractSize,currency,type
QQQ261231C00405000,2026-06-29 15:26:03+00:00,405.0,320.81,296.75,300.68,0.0,0.0,52.0,46,0.5865825033569335,True,REGULAR,USD,call
QQQ261231C00410000,2026-06-12 16:13:10+00:00,410.0,321.78,314.74,318.31,0.0,0.0,1.0,8,0.8708051249694824,True,REGULAR,USD,call
QQQ261231C00420000,2026-06-16 14:07:57+00:00,420.0,333.1,282.48,286.51,0.0,0.0,3.0,13,0.5672040350341796,True,REGULAR,USD,call
QQQ261231C00425000,2026-06-17 19:35:30+00:00,425.0,311.45,277.71,281.74,0.0,0.0,4.0,7,0.5601240277099608,True,REGULAR,USD,call
QQQ261231C00430000,2026-06-18 14:43:14+00:00,430.0,317.86,272.69,276.86,0.0,0.0,1.0,40,0.5502059140014649,True,REGULAR,USD,call
QQQ261231C00435000,2026-06-22 19:13:27+00:00,435.0,313.09,267.59,272.21,0.0,0.0,1.0,1,0.5415084912109377,True,REGULAR,USD,call
QQQ261231C00440000,2026-07-13 18:03:25+00:00,440.0,283.16,263.45,267.38,0.0,0.0,1.0,1,0.5387314193725586,True,REGULAR,USD,call
QQQ261231C00445000,2026-06-24 18:56:46+00:00,445.0,276.1,258.78,262.63,0.0,0.0,4.0,3,0.5324143438720703,True,REGULAR,USD,call
QQQ261231C00450000,2026-07-01 14:46:27+00:00,450.0,289.1,254.03,257.84,0.0,0.0,1.0,4,0.5251817501831054,True,REGULAR,USD,call
QQQ261231C00455000,2026-06-05 14:20:25+00:00,455.0,285.28,0.0,0.0,0.0,0.0,1.0,0,1.0000000000000003e-05,True,REGULAR,USD,call
QQQ261231C00460000,2026-07-01 14:45:59+00:00,460.0,279.85,244.59,248.49,0.0,0.0,1.0,7,0.512578116455078,True,REGULAR,USD,call
QQQ261231C00465000,2026-06-17 14:12:36+00:00,465.0,281.23,239.99,243.8,0.0,0.0,1.0,3,0.5068713864135742,True,REGULAR,USD,call
QQQ261231C00470000,2026-06-11 13:57:02+00:00,470.0,249.2,257.57,261.03,0.0,0.0,10.0,6,0.729845841217041,True,REGULAR,USD,call
QQQ261231C00475000,2026-06-22 19:39:33+00:00,475.0,275.98,230.63,234.37,0.0,0.0,52.0,27,0.5164843273925781,True,REGULAR,USD,call
QQQ261231C00480000,2026-06-15 15:32:31+00:00,480.0,276.59,247.72,251.6,0.0,0.0,1.0,6,0.7065459033203125,True,REGULAR,USD,call
QQQ261231C00485000,2026-07-17 18:21:32+00:00,485.0,225.0,221.32,225.06,-25.350006,-10.125826,1.0,28,0.5031787963867188,True,REGULAR,USD,call
QQQ261231C00490000,2026-06-17 19:24:58+00:00,490.0,250.91,216.46,220.44,0.0,0.0,1.0,5,0.4968312036132813,True,REGULAR,USD,call
QQQ261231C00495000,2026-04-13 13:48:04+00:00,495.0,138.67,228.35,231.52,0.0,0.0,1.0,1,0.6263617686462404,True,REGULAR,USD,call
QQQ261231C00500000,2026-07-17 18:54:08+00:00,500.0,212.03,208.38,210.72,-16.5,-7.2200584,2.0,57,0.4788107539367676,True,REGULAR,USD,call
QQQ261231C00505000,2026-07-15 15:33:33+00:00,505.0,225.1,203.8,206.13,0.0,0.0,1.0,16,0.4726615234375,True,REGULAR,USD,call
QQQ261231C00510000,2026-07-14 16:13:51+00:00,510.0,223.25,199.23,201.55,0.0,0.0,1.0,17,0.46652755157470704,True,REGULAR,USD,call
QQQ261231C00515000,2026-06-30 13:44:25+00:00,515.0,228.5,194.68,196.98,0.0,0.0,1.0,6,0.4603935797119141,True,REGULAR,USD,call
QQQ261231C00520000,2026-07-16 13:31:01+00:00,520.0,208.09,190.15,192.43,0.0,0.0,2.0,29,0.4543816769409179,True,REGULAR,USD,call
QQQ261231C00525000,2026-06-17 16:11:53+00:00,525.0,225.8,185.64,187.9,0.0,0.0,1.0,69,0.4484460673522949,True,REGULAR,USD,call
QQQ261231C00530000,2026-06-24 14:59:22+00:00,530.0,209.32,181.15,183.39,0.0,0.0,2.0,25,0.4426020095825196,True,REGULAR,USD,call
QQQ261231C00535000,2026-06-23 19:04:41+00:00,535.0,201.86,176.68,178.9,0.0,0.0,1.0,23,0.4368189863586425,True,REGULAR,USD,call
QQQ261231C00540000,2026-06-29 19:10:02+00:00,540.0,202.29,171.19,174.44,0.0,0.0,3.0,65,0.4312038081359864,True,REGULAR,USD,call
QQQ261231C00545000,2026-07-10 13:50:53+00:00,545.0,195.62,166.68,170.0,0.0,0.0,1.0,56,0.4256344058227539,True,REGULAR,USD,call
QQQ261231C00550000,2026-07-02 14:00:29+00:00,550.0,198.19,162.34,165.58,0.0,0.0,5.0,320,0.42009552078247075,True,REGULAR,USD,call
QQQ261231C00555000,2026-06-22 19:39:53+00:00,555.0,202.94,157.94,161.19,0.0,0.0,2.0,184,0.4146787048339844,True,REGULAR,USD,call
QQQ261231C00560000,2026-06-22 19:49:08+00:00,560.0,198.39,154.67,156.21,0.0,0.0,6.0,116,0.4043333493041992,True,REGULAR,USD,call
QQQ261231C00565000,2026-06-11 15:24:43+00:00,565.0,162.0,170.87,173.07,0.0,0.0,1.0,67,0.5477492735290528,True,REGULAR,USD,call
QQQ261231C00570000,2026-07-07 16:29:42+00:00,570.0,164.8,144.9,148.18,0.0,0.0,1.0,71,0.39885549880981447,True,REGULAR,USD,call
QQQ261231C00575000,2026-07-10 13:53:46+00:00,575.0,169.34,140.45,143.9,0.0,0.0,1.0,135,0.39371333831787114,True,REGULAR,USD,call
QQQ261231C00580000,2026-06-09 14:59:47+00:00,580.0,157.14,157.7,159.84,0.0,0.0,1.0,289,0.5228319201660157,True,REGULAR,USD,call
QQQ261231C00585000,2026-07-10 13:49:51+00:00,585.0,160.3,132.16,135.44,0.0,0.0,1.0,60,0.3836731555175781,True,REGULAR,USD,call
QQQ261231C00590000,2026-06-30 14:10:09+00:00,590.0,165.35,128.01,131.28,0.0,0.0,2.0,403,0.37888194366455075,True,REGULAR,USD,call
QQQ261231C00595000,2026-07-13 16:08:38+00:00,595.0,143.91,123.84,127.14,0.0,0.0,5.0,172,0.3740449559020996,True,REGULAR,USD,call
QQQ261231C00600000,2026-07-17 17:50:32+00:00,600.0,125.93,119.75,123.04,-8.07,-6.022388,31.0,315,0.3692995199584961,True,REGULAR,USD,call
QQQ261231C00605000,2026-07-09 14:15:07+00:00,605.0,139.97,115.73,118.99,0.0,0.0,5.0,110,0.3646761531066895,True,REGULAR,USD,call
QQQ261231C00610000,2026-07-17 18:38:25+00:00,610.0,115.66,111.74,114.97,-7.0099945,-5.7145143,1.0,347,0.3600527862548828,True,REGULAR,USD,call
QQQ261231C00615000,2026-07-09 14:00:06+00:00,615.0,105.0,107.59,111.0,-28.699997,-21.465967,5.0,610,0.3555362298583984,True,REGULAR,USD,call
QQQ261231C00620000,2026-07-10 18:22:12+00:00,620.0,132.69,103.54,107.08,0.0,0.0,2.0,676,0.35111885459899894,True,REGULAR,USD,call
QQQ261231C00625000,2026-07-17 19:54:51+00:00,625.0,103.79,99.95,103.2,-14.269997,-12.087071,5.0,813,0.34671673797607416,True,REGULAR,USD,call
QQQ261231C00630000,2026-07-17 19:53:12+00:00,630.0,99.89,96.19,99.38,-8.110001,-7.5092597,28.0,2604,0.34244431976318357,True,REGULAR,USD,call
QQQ261231C00635000,2026-07-17 19:30:53+00:00,635.0,95.61,92.58,95.66,-30.229996,-24.022566,3.0,2021,0.3385381088256836,True,REGULAR,USD,call
QQQ261231C00640000,2026-07-17 19:53:12+00:00,640.0,92.32,88.83,91.93,-16.370003,-15.061185,1.0,3333,0.3343114665222168,True,REGULAR,USD,call
QQQ261231C00645000,2026-07-16 19:47:15+00:00,645.0,89.0,85.12,88.28,-4.300003,-4.608792,2.0,2457,0.33028318649291993,True,REGULAR,USD,call
QQQ261231C00650000,2026-07-16 18:42:12+00:00,650.0,91.7,82.77,85.88,0.0,0.0,14.0,4046,0.3332281033325196,True,REGULAR,USD,call
QQQ261231C00655000,2026-07-17 19:42:25+00:00,655.0,80.73,78.13,81.14,-21.739998,-21.215963,1.0,5059,0.3223410662078856,True,REGULAR,USD,call
QQQ261231C00660000,2026-07-17 16:37:46+00:00,660.0,79.84,74.62,77.66,-4.4100037,-5.2344255,7.0,2316,0.31845774322509757,True,REGULAR,USD,call
QQQ261231C00665000,2026-07-14 16:59:49+00:00,665.0,70.77,72.38,74.26,-21.61,-23.39251,1.0,4512,0.3147193772888183,True,REGULAR,USD,call
QQQ261231C00670000,2026-07-17 17:56:08+00:00,670.0,72.32,69.05,70.91,-16.529999,-18.60439,11.0,2554,0.31095049407958975,True,REGULAR,USD,call
QQQ261231C00675000,2026-07-17 13:32:01+00:00,675.0,65.75,65.78,67.63,-6.25,-8.680555,1.0,3744,0.30725790405273434,True,REGULAR,USD,call
QQQ261231C00680000,2026-07-17 18:07:19+00:00,680.0,65.26,61.45,64.43,-5.619995,-7.9288874,26.0,4527,0.3036721244812011,True,REGULAR,USD,call
QQQ261231C00685000,2026-07-17 19:34:02+00:00,685.0,61.3,59.47,61.3,-6.4699974,-9.546994,15.0,2255,0.3001397501373291,True,REGULAR,USD,call
QQQ261231C00690000,2026-07-17 20:14:48+00:00,690.0,57.11,56.48,57.53,-7.3700027,-11.429904,40.0,510,0.2928384925842284,True,REGULAR,USD,call
QQQ261231C00695000,2026-07-17 19:56:32+00:00,695.0,55.56,53.5,54.55,-5.1899986,-8.543208,47.0,912,0.28943581665039053,True,REGULAR,USD,call
QQQ261231C00700000,2026-07-17 20:02:40+00:00,700.0,51.0,50.6,51.66,-6.700001,-11.611786,41.0,2234,0.2861552098083496,False,REGULAR,USD,call
QQQ261231C00705000,2026-07-17 15:52:20+00:00,705.0,49.68,47.78,48.84,-4.540001,-8.373296,4.0,2025,0.2828746029663085,False,REGULAR,USD,call
QQQ261231C00710000,2026-07-17 19:26:31+00:00,710.0,45.64,45.05,46.12,-6.1000023,-11.789722,34.0,1822,0.27973895317077624,False,REGULAR,USD,call
QQQ261231C00715000,2026-07-17 19:57:27+00:00,715.0,43.95,42.41,43.48,-4.0,-8.342023,12.0,1075,0.27664907928466786,False,REGULAR,USD,call
QQQ261231C00720000,2026-07-17 19:57:59+00:00,720.0,41.4,39.86,40.93,-4.9399986,-10.660334,35.0,2056,0.27362786926269533,False,REGULAR,USD,call
QQQ261231C00725000,2026-07-17 17:52:58+00:00,725.0,40.32,37.7,38.47,-4.220001,-9.474632,16.0,666,0.27069821105957037,False,REGULAR,USD,call
QQQ261231C00730000,2026-07-17 17:52:58+00:00,730.0,37.88,35.05,36.1,-2.539997,-6.284011,15.0,1185,0.26782958740234375,False,REGULAR,USD,call
QQQ261231C00735000,2026-07-17 16:58:44+00:00,735.0,36.06,32.78,33.83,-3.449997,-8.731959,23.0,7804,0.26508303283691403,False,REGULAR,USD,call
QQQ261231C00740000,2026-07-17 13:56:10+00:00,740.0,33.29,30.61,31.65,-3.2999992,-9.018856,29.0,3368,0.2623975128173829,False,REGULAR,USD,call
QQQ261231C00745000,2026-07-17 16:14:36+00:00,745.0,31.32,28.54,29.57,-2.0100021,-6.030609,23.0,4258,0.2598340618896484,False,REGULAR,USD,call
QQQ261231C00750000,2026-07-17 18:22:22+00:00,750.0,28.1,26.57,27.58,-3.5100002,-11.104082,250.0,1003,0.2573316455078125,False,REGULAR,USD,call
QQQ261231C00755000,2026-07-17 17:35:30+00:00,755.0,27.83,24.69,25.69,-1.4099998,-4.8221607,107.0,1268,0.25494366889953624,False,REGULAR,USD,call
QQQ261231C00760000,2026-07-17 18:23:33+00:00,760.0,24.43,22.91,23.89,-3.0699997,-11.163635,127.0,1065,0.2526243561553956,False,REGULAR,USD,call
QQQ261231C00765000,2026-07-17 19:40:39+00:00,765.0,21.97,21.23,22.19,-4.1900005,-16.016823,10.0,2101,0.2504423711395263,False,REGULAR,USD,call
QQQ261231C00770000,2026-07-17 17:56:08+00:00,770.0,21.66,19.72,20.58,-4.210001,-16.27368,11.0,541,0.2483366793060303,False,REGULAR,USD,call
QQQ261231C00775000,2026-07-17 18:59:50+00:00,775.0,19.25,18.15,19.06,-2.8700008,-12.974688,96.0,362,0.24632253929138184,False,REGULAR,USD,call
QQQ261231C00780000,2026-07-17 16:04:41+00:00,780.0,18.43,16.79,17.64,-3.8199997,-17.168537,10.0,1634,0.24446861495971683,False,REGULAR,USD,call
QQQ261231C00785000,2026-07-17 19:00:22+00:00,785.0,16.66,15.43,16.31,-2.5,-13.048017,17.0,420,0.24274438903808593,False,REGULAR,USD,call
QQQ261231C00790000,2026-07-17 18:36:07+00:00,790.0,15.25,14.25,15.06,-3.8999996,-20.365534,11.0,1375,0.24109645629882812,False,REGULAR,USD,call
QQQ261231C00795000,2026-07-17 15:57:39+00:00,795.0,14.75,13.04,13.9,-1.8199997,-10.983704,1.0,812,0.23959348060607907,False,REGULAR,USD,call
QQQ261231C00800000,2026-07-17 19:28:39+00:00,800.0,12.66,12.02,12.72,-2.4300003,-16.103382,346.0,6205,0.2374801594543457,False,REGULAR,USD,call
QQQ261231C00805000,2026-07-17 19:19:16+00:00,805.0,11.45,10.98,11.8,-2.4700003,-17.744255,13.0,403,0.23680877944946288,False,REGULAR,USD,call
QQQ261231C00810000,2026-07-16 19:53:21+00:00,810.0,11.27,10.1,10.87,-1.6099997,-12.499997,3.0,1546,0.23564912307739255,False,REGULAR,USD,call
QQQ261231C00815000,2026-07-14 14:27:23+00:00,815.0,15.41,9.24,10.0,0.0,0.0,1.0,91,0.23451998397827145,False,REGULAR,USD,call
QQQ261231C00820000,2026-07-09 17:18:34+00:00,820.0,8.86,8.47,9.12,-8.500001,-48.96314,2.0,228,0.23284153396606444,False,REGULAR,USD,call
QQQ261231C00825000,2026-07-17 19:26:31+00:00,825.0,8.08,7.71,8.4,-2.5200005,-23.773588,5.0,381,0.23209386077880856,False,REGULAR,USD,call
QQQ261231C00830000,2026-07-17 17:57:43+00:00,830.0,8.01,7.08,7.7,-1.0900002,-11.978024,48.0,221,0.2310867907714844,False,REGULAR,USD,call
QQQ261231C00835000,2026-07-17 19:12:59+00:00,835.0,6.97,6.42,7.08,-1.5300002,-18.000002,14.0,473,0.23041541076660155,False,REGULAR,USD,call
QQQ261231C00840000,2026-07-17 14:12:07+00:00,840.0,6.83,5.88,6.56,-1.3299999,-16.29902,78.0,458,0.23033911758422854,False,REGULAR,USD,call
QQQ261231C00845000,2026-07-17 13:55:36+00:00,845.0,5.73,5.33,5.98,-2.3300004,-28.908194,4.0,218,0.22925575439453127,False,REGULAR,USD,call
QQQ261231C00850000,2026-07-17 19:32:45+00:00,850.0,5.3,5.02,5.4,-1.5999999,-23.188404,112.0,509,0.22772989074707028,False,REGULAR,USD,call
QQQ261231C00855000,2026-07-17 19:34:07+00:00,855.0,4.94,4.42,5.06,-2.92,-37.150127,1.0,507,0.22852333984375,False,REGULAR,USD,call
QQQ261231C00860000,2026-07-17 17:29:43+00:00,860.0,4.51,4.02,4.57,-1.3299999,-22.773972,9.0,248,0.22718057983398435,False,REGULAR,USD,call
QQQ261231C00865000,2026-07-17 14:39:48+00:00,865.0,4.51,3.66,4.29,-3.9499998,-46.690304,7.0,251,0.22809609802246095,False,REGULAR,USD,call
QQQ261231C00870000,2026-07-13 13:37:20+00:00,870.0,3.77,3.37,3.86,-2.5300002,-40.15873,2.0,117,0.2267228207397461,False,REGULAR,USD,call
QQQ261231C00875000,2026-07-14 15:52:20+00:00,875.0,6.19,3.03,3.65,0.0,0.0,8.0,262,0.22806558074951172,False,REGULAR,USD,call
QQQ261231C00880000,2026-07-17 18:24:24+00:00,880.0,3.24,2.78,3.39,-2.3999999,-42.55319,7.0,122,0.22843178802490233,False,REGULAR,USD,call
QQQ261231C00885000,2026-07-17 16:42:17+00:00,885.0,3.2,2.65,3.12,-1.9199998,-37.499996,5.0,64,0.22837075347900393,False,REGULAR,USD,call
QQQ261231C00890000,2026-07-15 14:23:02+00:00,890.0,4.6,2.29,2.92,0.0,0.0,2.0,43,0.2291336853027344,False,REGULAR,USD,call
QQQ261231C00895000,2026-07-08 16:31:05+00:00,895.0,2.45,2.09,2.69,-1.8599999,-43.15545,7.0,83,0.2291336853027344,False,REGULAR,USD,call
QQQ261231C00900000,2026-07-17 19:32:56+00:00,900.0,2.31,2.01,2.52,-1.3400002,-36.712334,21.0,449,0.22995765167236326,False,REGULAR,USD,call
QQQ261231C00905000,2026-07-17 19:52:53+00:00,905.0,2.1,1.74,2.33,-0.52,-19.847328,2.0,183,0.2301712725830078,False,REGULAR,USD,call
QQQ261231C00910000,2026-07-15 14:41:38+00:00,910.0,3.05,1.59,2.18,0.0,0.0,1.0,382,0.23090368713378906,False,REGULAR,USD,call
QQQ261231C00915000,2026-07-15 14:51:02+00:00,915.0,2.91,1.52,1.95,0.0,0.0,3.0,42,0.2296829962158203,False,REGULAR,USD,call
QQQ261231C00920000,2026-07-16 14:02:49+00:00,920.0,2.2,1.34,1.88,0.0,0.0,1.0,95,0.23172765350341795,False,REGULAR,USD,call
QQQ261231C00925000,2026-07-15 16:24:52+00:00,925.0,1.29,1.36,1.78,-1.01,-43.913044,1.0,56,0.23297886169433596,False,REGULAR,USD,call
QQQ261231C00930000,2026-07-17 18:24:24+00:00,930.0,1.46,1.26,1.54,-3.6599998,-71.484375,7.0,12,0.2304764453125,False,REGULAR,USD,call
QQQ261231C00935000,2026-07-13 15:43:09+00:00,935.0,1.4,1.05,1.58,-0.85,-37.77778,1.0,631,0.23493196716308595,False,REGULAR,USD,call
QQQ261231C00940000,2026-07-13 19:01:59+00:00,940.0,1.87,1.07,1.47,0.0,0.0,3.0,81,0.23538972625732418,False,REGULAR,USD,call
QQQ261231C00945000,2026-07-01 18:06:11+00:00,945.0,3.48,0.9,1.41,0.0,0.0,2.0,64,0.23706817626953125,False,REGULAR,USD,call
QQQ261231C00950000,2026-07-17 17:57:43+00:00,950.0,1.2,0.94,1.33,-0.19999993,-14.285709,3.0,25,0.23804472900390622,False,REGULAR,USD,call
QQQ261231C00955000,2026-07-17 14:20:39+00:00,955.0,1.11,0.98,1.26,-0.25,-18.382353,6.0,592,0.2391433508300781,False,REGULAR,USD,call
QQQ261231P00405000,2026-07-17 15:58:48+00:00,405.0,2.22,2.21,2.55,0.26,13.2653055,12.0,839,0.4527642614746094,False,REGULAR,USD,put
QQQ261231P00410000,2026-07-17 14:44:12+00:00,410.0,2.41,2.33,2.69,0.20000005,9.049775,2.0,512,0.4483087396240234,False,REGULAR,USD,put
QQQ261231P00415000,2026-07-16 19:52:16+00:00,415.0,2.25,2.33,2.89,0.0,0.0,18.0,53,0.44556218505859374,False,REGULAR,USD,put
QQQ261231P00420000,2026-07-17 15:44:05+00:00,420.0,2.68,2.57,3.02,0.44000006,19.64286,19.0,361,0.44043528320312497,False,REGULAR,USD,put
QQQ261231P00425000,2026-07-17 15:44:05+00:00,425.0,2.75,2.59,3.17,0.31999993,13.168721,19.0,555,0.4357356231689453,False,REGULAR,USD,put
QQQ261231P00430000,2026-07-06 14:43:53+00:00,430.0,2.66,2.81,3.12,0.0,0.0,23.0,857,0.4255428540039063,False,REGULAR,USD,put
QQQ261231P00435000,2026-07-10 19:39:33+00:00,435.0,2.51,2.89,3.48,0.0,0.0,3.0,239,0.4262142340087891,False,REGULAR,USD,put
QQQ261231P00440000,2026-07-15 15:32:28+00:00,440.0,2.77,3.14,3.47,0.0,0.0,1.0,224,0.4171811212158203,False,REGULAR,USD,put
QQQ261231P00445000,2026-07-17 14:23:53+00:00,445.0,3.33,3.29,3.73,0.18999982,6.050949,34.0,112,0.41473973937988284,False,REGULAR,USD,put
QQQ261231P00450000,2026-07-17 14:51:48+00:00,450.0,3.6,3.47,3.77,0.3599999,11.111108,54.0,697,0.40698835205078127,False,REGULAR,USD,put
QQQ261231P00455000,2026-07-17 14:51:48+00:00,455.0,3.72,3.65,4.19,-0.43999982,-10.576919,20.0,313,0.40759869750976563,False,REGULAR,USD,put
QQQ261231P00460000,2026-07-16 14:44:28+00:00,460.0,4.24,3.85,4.34,0.9499998,28.875376,1.0,618,0.40204455383300786,False,REGULAR,USD,put
QQQ261231P00465000,2026-07-13 14:32:36+00:00,465.0,3.46,4.06,4.61,0.0,0.0,6.0,40,0.3987792056274414,False,REGULAR,USD,put
QQQ261231P00470000,2026-07-17 14:36:29+00:00,470.0,4.32,4.28,4.68,0.6400001,17.391306,4.0,89,0.39145506011962883,False,REGULAR,USD,put
QQQ261231P00475000,2026-07-16 15:21:46+00:00,475.0,3.95,4.43,5.08,0.0,0.0,11.0,165,0.3902648864746094,False,REGULAR,USD,put
QQQ261231P00480000,2026-07-16 15:38:24+00:00,480.0,4.81,4.75,5.24,0.71000004,17.317074,5.0,423,0.38440557006835935,False,REGULAR,USD,put
QQQ261231P00485000,2026-07-02 18:33:54+00:00,485.0,5.32,4.94,5.46,0.0,0.0,1.0,297,0.3795228063964844,False,REGULAR,USD,put
QQQ261231P00490000,2026-07-17 18:09:00+00:00,490.0,5.27,5.29,5.75,0.8000002,17.897097,1.0,699,0.37567763000488286,False,REGULAR,USD,put
QQQ261231P00495000,2026-07-13 13:53:17+00:00,495.0,4.92,5.56,6.04,0.0,0.0,6.0,533,0.37161883270263674,False,REGULAR,USD,put
QQQ261231P00500000,2026-07-17 19:11:07+00:00,500.0,6.0,5.87,6.39,0.6799998,12.781952,358.0,5387,0.3682619326782227,False,REGULAR,USD,put
QQQ261231P00505000,2026-07-16 20:12:40+00:00,505.0,5.52,6.18,6.65,0.0,0.0,2.0,890,0.3633486517333985,False,REGULAR,USD,put
QQQ261231P00510000,2026-07-13 14:16:38+00:00,510.0,5.5,6.43,7.03,0.0,0.0,4.0,887,0.36002226898193357,False,REGULAR,USD,put
QQQ261231P00515000,2026-07-16 14:32:26+00:00,515.0,5.8,6.76,7.43,0.0,0.0,5.0,285,0.3566958862304687,False,REGULAR,USD,put
QQQ261231P00520000,2026-07-17 14:58:15+00:00,520.0,7.36,7.24,7.7,1.1100001,17.760002,5.0,1256,0.35144691528320304,False,REGULAR,USD,put
QQQ261231P00525000,2026-07-14 19:13:14+00:00,525.0,6.3,7.51,8.16,0.0,0.0,2.0,777,0.3484562225341796,False,REGULAR,USD,put
QQQ261231P00530000,2026-07-16 16:04:52+00:00,530.0,6.91,8.03,8.49,0.0,0.0,1.0,934,0.34360397613525384,False,REGULAR,USD,put
QQQ261231P00535000,2026-07-17 14:58:51+00:00,535.0,8.66,8.46,8.93,1.2199998,16.397846,5.0,2447,0.33991138610839844,False,REGULAR,USD,put
QQQ261231P00540000,2026-07-17 19:31:11+00:00,540.0,9.1,8.92,9.35,1.7300005,23.473549,5.0,4364,0.33577629562377925,False,REGULAR,USD,put
QQQ261231P00545000,2026-07-17 15:35:03+00:00,545.0,9.45,9.39,9.93,1.8499999,24.342104,1.0,1348,0.33316706878662117,False,REGULAR,USD,put
QQQ261231P00550000,2026-07-17 19:41:09+00:00,550.0,10.0,9.89,10.3,1.0,11.111111,18.0,5794,0.32805542556762696,False,REGULAR,USD,put
QQQ261231P00555000,2026-07-17 18:36:12+00:00,555.0,10.34,10.43,10.96,1.9499998,23.241951,1.0,2126,0.3257361128234863,False,REGULAR,USD,put
QQQ261231P00560000,2026-07-17 19:40:10+00:00,560.0,11.12,10.99,11.52,1.4200001,14.639175,11.0,2724,0.32210455734252924,False,REGULAR,USD,put
QQQ261231P00565000,2026-07-17 19:59:48+00:00,565.0,11.57,11.43,12.15,1.3099995,12.768025,2.0,1397,0.31890024368286124,False,REGULAR,USD,put
QQQ261231P00570000,2026-07-15 17:40:15+00:00,570.0,10.1,12.19,12.67,0.0,0.0,3.0,3000,0.31441420455932617,False,REGULAR,USD,put
QQQ261231P00575000,2026-07-17 19:59:48+00:00,575.0,12.83,12.84,13.41,2.04,18.906395,3.0,2276,0.31168290863037107,False,REGULAR,USD,put
QQQ261231P00580000,2026-07-15 15:04:45+00:00,580.0,11.73,13.42,14.01,0.0,0.0,1.0,667,0.3074410076904296,False,REGULAR,USD,put
QQQ261231P00585000,2026-07-16 14:52:30+00:00,585.0,12.0,14.13,14.82,0.0,0.0,1.0,2863,0.3047097117614746,False,REGULAR,USD,put
QQQ261231P00590000,2026-07-17 18:10:28+00:00,590.0,14.56,14.99,15.46,2.21,17.894735,8.0,654,0.3002999658203125,False,REGULAR,USD,put
QQQ261231P00595000,2026-07-17 20:00:56+00:00,595.0,15.98,15.68,16.37,1.9099998,13.574982,2.0,642,0.29778229080200186,False,REGULAR,USD,put
QQQ261231P00600000,2026-07-17 20:09:14+00:00,600.0,16.8,16.53,17.21,1.7999992,11.999995,88.0,2788,0.2943948735046386,False,REGULAR,USD,put
QQQ261231P00605000,2026-07-17 14:49:46+00:00,605.0,17.38,17.3,18.09,1.9699993,12.783903,7.0,1196,0.2910227148437499,False,REGULAR,USD,put
QQQ261231P00610000,2026-07-17 19:42:39+00:00,610.0,18.5,18.34,18.92,1.8299999,10.977804,13.0,1368,0.2869944348144531,False,REGULAR,USD,put
QQQ261231P00615000,2026-07-17 14:04:59+00:00,615.0,19.61,19.17,20.0,4.05,26.028278,2.0,1776,0.28443098388671867,False,REGULAR,USD,put
QQQ261231P00620000,2026-07-17 19:25:56+00:00,620.0,20.78,20.24,21.0,2.460001,13.427953,47.0,2114,0.280982532043457,False,REGULAR,USD,put
QQQ261231P00625000,2026-07-17 16:24:07+00:00,625.0,20.82,21.24,22.09,2.4799995,13.522353,4.0,2228,0.27782399429321286,False,REGULAR,USD,put
QQQ261231P00630000,2026-07-17 19:05:35+00:00,630.0,22.19,22.42,23.21,2.1200008,10.563034,6.0,4489,0.2745433874511719,False,REGULAR,USD,put
QQQ261231P00635000,2026-07-15 16:06:44+00:00,635.0,24.4,23.51,24.42,3.8999996,19.02439,1.0,475,0.27149166015625,False,REGULAR,USD,put
QQQ261231P00640000,2026-07-17 13:41:54+00:00,640.0,24.73,24.78,25.55,2.9300003,13.440369,6.0,635,0.2676007078552246,False,REGULAR,USD,put
QQQ261231P00645000,2026-07-16 15:17:42+00:00,645.0,22.31,26.01,26.94,0.0,0.0,4.0,375,0.26497622238159174,False,REGULAR,USD,put
QQQ261231P00650000,2026-07-17 19:10:06+00:00,650.0,27.34,27.36,28.19,2.630001,10.64347,37.0,3038,0.2611310459899902,False,REGULAR,USD,put
QQQ261231P00655000,2026-07-17 13:52:38+00:00,655.0,30.88,28.76,29.7,5.7299995,22.783298,20.0,2174,0.2584760432434083,False,REGULAR,USD,put
QQQ261231P00660000,2026-07-17 16:33:22+00:00,660.0,29.58,30.24,31.14,3.8199997,14.829191,26.0,1095,0.2550275914001466,False,REGULAR,USD,put
QQQ261231P00665000,2026-07-16 19:56:05+00:00,665.0,30.2,31.77,32.74,1.5200005,5.299862,25.0,4188,0.2521131918334961,False,REGULAR,USD,put
QQQ261231P00670000,2026-07-17 19:25:56+00:00,670.0,34.09,33.38,34.31,3.9300003,13.030505,21.0,1968,0.2486342227172852,False,REGULAR,USD,put
QQQ261231P00675000,2026-07-17 18:37:14+00:00,675.0,34.58,35.07,36.03,2.2600021,6.992581,9.0,753,0.24559775405883788,False,REGULAR,USD,put
QQQ261231P00680000,2026-07-17 16:04:41+00:00,680.0,36.19,36.82,37.77,3.6899986,11.353843,50.0,3309,0.24225611267089842,False,REGULAR,USD,put
QQQ261231P00685000,2026-07-17 20:14:39+00:00,685.0,39.2,38.65,39.67,5.2800026,15.566046,36.0,296,0.23935697174072262,False,REGULAR,USD,put
QQQ261231P00690000,2026-07-17 16:45:00+00:00,690.0,39.0,40.57,41.6,4.8100014,14.068445,29.0,1130,0.2361831753540039,False,REGULAR,USD,put
QQQ261231P00695000,2026-07-17 20:10:47+00:00,695.0,42.9,42.57,43.62,6.330002,17.309275,35.0,516,0.23303989624023438,False,REGULAR,USD,put
QQQ261231P00700000,2026-07-17 19:43:35+00:00,700.0,44.64,44.66,45.73,4.0599976,10.004922,139.0,1297,0.22992713439941403,True,REGULAR,USD,put
QQQ261231P00705000,2026-07-17 17:48:52+00:00,705.0,44.86,46.83,47.92,2.2600021,5.3051696,22.0,307,0.22676859664916987,True,REGULAR,USD,put
QQQ261231P00710000,2026-07-17 18:53:23+00:00,710.0,48.32,49.13,50.21,2.9199982,6.4317136,8.0,1682,0.22365583480834955,True,REGULAR,USD,put
QQQ261231P00715000,2026-07-17 17:53:27+00:00,715.0,49.77,51.49,52.59,3.670002,7.9609585,23.0,783,0.22051255569458006,True,REGULAR,USD,put
QQQ261231P00720000,2026-07-17 17:29:43+00:00,720.0,50.98,53.95,55.01,2.4799995,5.113401,12.0,1439,0.21707173316955566,True,REGULAR,USD,put
QQQ261231P00725000,2026-07-15 13:55:18+00:00,725.0,56.14,56.51,57.65,10.709999,23.574728,2.0,1148,0.21428703201293942,True,REGULAR,USD,put
QQQ261231P00730000,2026-07-17 13:42:16+00:00,730.0,59.07,59.2,60.34,5.1399994,9.530872,4.0,3939,0.21122004608154293,True,REGULAR,USD,put
QQQ261231P00735000,2026-07-13 19:05:13+00:00,735.0,53.83,61.99,63.13,0.0,0.0,1.0,6559,0.20814543083190915,True,REGULAR,USD,put
QQQ261231P00740000,2026-07-15 14:02:11+00:00,740.0,65.86,64.89,66.03,14.07,27.167406,2.0,3377,0.20510133285522458,True,REGULAR,USD,put
QQQ261231P00745000,2026-07-17 17:25:03+00:00,745.0,64.91,67.9,69.04,3.6100044,5.889077,1.0,765,0.20208012283325194,True,REGULAR,USD,put
QQQ261231P00750000,2026-07-17 19:29:43+00:00,750.0,70.7,69.52,73.2,9.549995,15.617326,3.0,11577,0.2052844364929199,True,REGULAR,USD,put
QQQ261231P00755000,2026-07-16 19:50:00+00:00,755.0,69.33,72.63,76.5,0.0,0.0,5.0,899,0.20291934783935545,True,REGULAR,USD,put
QQQ261231P00760000,2026-06-24 17:28:33+00:00,760.0,75.0,76.06,79.91,0.0,0.0,8.0,228,0.2006152937316894,True,REGULAR,USD,put
QQQ261231P00765000,2026-07-17 17:53:51+00:00,765.0,78.57,80.71,82.61,10.57,15.544118,2.0,1721,0.19301649276733396,True,REGULAR,USD,put
QQQ261231P00770000,2026-07-16 15:18:09+00:00,770.0,74.4,82.9,87.05,0.0,0.0,2.0,1670,0.19623606506347657,True,REGULAR,USD,put
QQQ261231P00775000,2026-07-17 13:59:54+00:00,775.0,90.68,87.87,89.85,6.3199997,7.491702,5.0,637,0.18752338363647458,True,REGULAR,USD,put
QQQ261231P00780000,2026-07-17 14:01:50+00:00,780.0,93.23,90.47,93.73,13.230003,16.537504,1.0,594,0.18560079544067382,True,REGULAR,USD,put
QQQ261231P00785000,2026-07-15 19:16:34+00:00,785.0,80.64,95.42,98.61,0.0,0.0,2.0,5,0.19089554229736327,True,REGULAR,USD,put
QQQ261231P00790000,2026-07-02 19:39:04+00:00,790.0,91.62,99.35,102.6,0.0,0.0,1.0,10,0.18888140228271483,True,REGULAR,USD,put
QQQ261231P00795000,2026-06-24 17:14:19+00:00,795.0,95.87,103.39,106.9,0.0,0.0,1.0,10,0.18885088500976563,True,REGULAR,USD,put
QQQ261231P00800000,2026-07-17 13:51:29+00:00,800.0,113.54,107.52,110.87,23.120003,25.569567,1.0,74,0.18531088134765622,True,REGULAR,USD,put
QQQ261231P00805000,2026-07-17 20:06:09+00:00,805.0,113.36,111.76,115.14,19.239998,20.441986,2.0,42,0.18376975906372067,True,REGULAR,USD,put
QQQ261231P00810000,2026-06-24 15:12:43+00:00,810.0,103.0,116.1,119.5,0.0,0.0,2.0,362,0.1824880335998535,True,REGULAR,USD,put
QQQ261231P00815000,2026-07-17 13:43:52+00:00,815.0,129.02,120.53,123.96,23.910004,22.747602,1.0,4,0.18167932586669922,True,REGULAR,USD,put
QQQ261231P00820000,2026-07-17 17:34:57+00:00,820.0,120.42,125.05,128.5,10.68,9.732094,7.0,9,0.18125208404541016,True,REGULAR,USD,put
QQQ261231P00825000,2026-07-17 17:53:40+00:00,825.0,126.84,129.66,132.93,4.739998,3.8820622,4.0,25,0.17881070220947265,True,REGULAR,USD,put
QQQ261231P00830000,2026-07-17 17:52:42+00:00,830.0,131.59,133.71,137.65,13.129997,11.083908,514.0,45,0.17963466857910154,True,REGULAR,USD,put
QQQ261231P00835000,2026-07-17 17:34:37+00:00,835.0,134.01,138.48,142.5,18.709991,16.227226,283.0,1,0.18201501586914062,True,REGULAR,USD,put
QQQ261231P00840000,2026-07-15 13:47:32+00:00,840.0,121.35,143.36,147.37,0.0,0.0,42.0,94,0.18451743225097655,True,REGULAR,USD,put
QQQ261231P00845000,2026-06-29 17:06:06+00:00,845.0,126.05,148.23,152.23,0.0,0.0,2.0,3,0.18668415863037108,True,REGULAR,USD,put
QQQ261231P00850000,2026-07-10 19:07:10+00:00,850.0,125.54,153.38,157.12,0.0,0.0,5.0,2,0.18918657501220704,True,REGULAR,USD,put
QQQ261231P00855000,2026-07-15 14:56:59+00:00,855.0,138.84,157.93,162.19,0.0,0.0,2.0,0,0.1945576150512695,True,REGULAR,USD,put
QQQ261231P00860000,2026-07-06 17:57:02+00:00,860.0,139.37,163.13,167.5,0.0,0.0,2.0,0,0.20374331420898437,True,REGULAR,USD,put
QQQ261231P00865000,2026-07-09 18:58:48+00:00,865.0,142.6,168.29,172.11,0.0,0.0,2.0,0,0.20151555328369142,True,REGULAR,USD,put
QQQ261231P00870000,2026-07-09 19:32:23+00:00,870.0,147.54,173.13,177.5,0.0,0.0,42.0,0,0.21210504699707028,True,REGULAR,USD,put
QQQ261231P00875000,2026-06-30 16:30:56+00:00,875.0,140.84,177.89,182.5,0.0,0.0,2.0,0,0.2161943615722656,True,REGULAR,USD,put
QQQ261231P00880000,2026-06-18 19:33:44+00:00,880.0,143.44,183.22,187.5,0.0,0.0,381.0,0,0.22028367614746092,True,REGULAR,USD,put
QQQ261231P00885000,2026-06-22 20:00:43+00:00,885.0,148.12,188.06,192.5,0.0,0.0,24.0,0,0.22431195617675775,True,REGULAR,USD,put
QQQ261231P00890000,2026-06-22 19:16:42+00:00,890.0,154.74,193.13,197.5,0.0,0.0,128.0,1,0.22830971893310548,True,REGULAR,USD,put
QQQ261231P00895000,2026-06-22 19:26:06+00:00,895.0,159.69,198.13,202.5,0.0,0.0,122.0,0,0.23227696441650392,True,REGULAR,USD,put
QQQ261231P00900000,2026-06-18 15:47:45+00:00,900.0,165.69,203.04,207.5,0.0,0.0,2.0,0,0.2361831753540039,True,REGULAR,USD,put
QQQ261231P00905000,2026-06-18 15:47:45+00:00,905.0,170.52,208.22,212.5,0.0,0.0,2.0,0,0.24005886901855467,True,REGULAR,USD,put
QQQ261231P00910000,2026-06-18 15:47:45+00:00,910.0,175.35,213.22,217.5,0.0,0.0,2.0,0,0.24390404541015626,True,REGULAR,USD,put
QQQ261231P00915000,2026-06-11 17:31:42+00:00,915.0,207.46,195.51,199.02,0.0,0.0,,0,1.0000000000000003e-05,True,REGULAR,USD,put
QQQ261231P00920000,2026-07-17 20:06:09+00:00,920.0,225.79,223.09,227.5,13.269989,6.244113,2.0,0,0.2515028463745117,True,REGULAR,USD,put
